2000 6000
1 131 16
1 538 3
1 943 24
1 1370 15
1 1854 16
1 1996 11
2 1012 14
2 1342 25
2 1559 7
3 384 12
4 236 13
4 716 7
5 641 1
5 1382 6
6 109 7
6 212 9
6 1140 9
6 1522 6
6 1768 11
7 62 7
7 107 26
7 1533 6
8 223 14
8 337 8
8 568 3
8 729 23
8 1881 22
9 166 17
9 1486 16
9 1539 22
10 6 27
10 1107 2
11 1482 25
12 1499 20
13 259 8
13 535 2
13 1077 22
13 1300 21
13 1816 26
14 364 29
14 1392 24
15 356 1
16 105 27
16 649 16
16 1192 28
17 74 26
17 441 16
17 1607 6
18 625 1
18 975 27
18 1286 13
18 1379 18
19 1493 24
19 1844 18
19 1978 25
20 165 19
20 1603 2
20 1668 8
20 1904 5
21 1486 18
22 795 30
22 1425 23
22 1459 11
22 1469 16
22 1644 5
22 1664 18
22 1670 17
23 28 26
23 557 30
23 1698 5
23 1751 16
24 1043 16
24 1746 5
25 196 13
25 502 1
25 1281 2
25 1692 8
26 550 9
26 589 29
26 934 30
26 1342 27
26 1502 3
26 1940 18
27 72 20
27 542 13
27 842 4
27 1776 30
28 685 14
28 1781 12
29 1261 26
30 400 1
30 571 3
30 1656 19
30 1864 3
31 53 18
31 1433 15
32 295 20
32 320 26
32 656 10
32 1779 12
33 1346 30
33 1452 18
34 201 27
34 476 26
34 656 22
34 842 19
34 1760 19
35 510 21
35 1018 27
35 1300 18
35 1721 20
36 156 23
36 1354 12
36 1761 29
37 282 5
37 1930 24
38 324 3
38 1131 4
38 1384 8
38 1557 6
39 831 22
39 1902 30
40 904 8
40 911 2
40 978 3
40 1330 17
40 1602 16
40 1826 14
41 202 12
41 273 25
41 715 25
41 1327 4
41 1343 12
42 118 21
42 1972 29
43 660 3
43 1203 10
44 465 10
44 1258 15
44 1999 6
45 51 27
46 333 5
46 641 21
46 1338 30
47 456 3
47 799 25
47 895 24
47 1979 27
48 672 20
49 210 23
49 503 2
49 1558 11
50 532 22
50 842 9
50 923 12
50 1511 16
50 1739 17
51 716 27
51 1282 30
51 1942 29
52 1056 14
52 1967 16
53 92 2
53 799 17
54 28 7
54 1189 22
55 5 12
55 268 8
55 1377 1
55 1820 26
56 29 5
56 362 19
56 548 30
56 888 25
57 127 19
57 187 25
57 1254 11
57 1752 12
57 1788 21
58 924 1
58 1606 26
60 257 15
60 784 3
60 786 9
60 832 15
60 1258 15
60 1597 25
60 1872 2
61 216 3
61 749 16
61 1046 30
61 1350 16
62 878 1
62 1010 23
62 1079 3
63 916 7
63 1335 14
64 101 14
64 114 6
64 1286 15
64 1516 1
65 1488 11
65 1509 3
65 1646 1
66 261 27
66 430 21
66 644 17
66 646 8
66 1595 24
67 1292 29
68 1476 30
70 489 19
70 1049 13
70 1136 2
71 915 28
72 808 28
72 1045 16
72 1126 14
72 1707 29
73 699 19
73 1053 29
74 80 20
74 107 26
74 384 29
74 704 12
74 1274 28
74 1325 28
75 7 25
75 941 3
76 1164 3
76 1247 9
76 1427 4
76 1440 5
76 1459 12
76 1598 26
77 382 24
78 394 24
79 128 4
79 1373 1
79 1990 10
80 38 2
80 828 22
80 1760 28
81 486 15
81 753 23
81 1091 17
81 1555 12
82 460 1
82 1680 30
83 91 2
83 1896 19
86 320 20
86 416 21
86 846 6
87 1377 19
87 1502 2
88 669 4
88 1213 8
88 1228 18
89 593 28
90 562 2
90 577 27
90 909 23
90 1043 7
90 1704 30
91 496 18
91 1813 30
92 892 15
92 1158 13
92 1545 22
92 1805 24
93 794 15
94 365 13
94 531 14
94 767 21
94 943 5
95 843 30
95 852 24
96 1261 5
96 1333 22
96 1707 25
96 1970 15
98 514 3
98 811 15
98 822 21
98 1200 13
98 1531 8
98 1547 16
99 331 20
99 1739 25
100 585 5
100 692 22
100 763 13
100 1251 28
100 1392 20
100 1521 12
100 1555 7
101 405 11
101 467 27
101 982 20
101 1035 2
101 1714 12
101 1971 4
102 531 6
102 1095 25
102 1601 24
102 1634 2
103 26 17
103 148 17
103 316 29
103 743 30
104 1154 3
104 1238 5
104 1899 2
105 181 9
105 1455 17
106 492 15
106 522 16
107 518 2
107 632 4
107 1088 2
107 1179 7
107 1750 17
107 1926 15
108 1728 26
109 240 6
109 397 18
109 705 2
109 1316 8
109 1775 6
110 663 21
111 184 1
111 672 18
112 848 16
113 444 6
113 561 4
113 669 1
113 1386 30
114 143 20
114 171 9
115 996 28
117 364 11
117 394 3
117 410 24
117 601 13
117 1074 11
117 1385 11
117 1637 19
119 1328 18
119 1513 4
120 191 14
120 1881 12
120 1943 2
121 137 1
121 1273 18
121 1612 27
122 249 28
122 1303 5
122 1416 29
123 583 28
123 708 3
123 1284 11
124 221 28
124 463 12
124 1486 19
124 1708 26
125 7 15
125 809 11
126 961 25
126 1988 27
127 1219 20
127 1905 14
128 206 29
128 798 14
128 991 7
129 1062 11
129 1099 25
130 111 17
130 232 21
130 1235 4
130 1650 21
131 128 5
131 1008 15
131 1281 22
131 1569 27
132 591 2
132 1154 19
132 1552 16
132 1646 29
133 227 9
133 618 13
135 281 1
135 765 11
135 1650 11
136 54 4
136 125 29
136 395 28
136 848 10
136 1471 10
136 1974 22
136 1995 6
138 526 21
138 1517 5
139 235 5
139 685 4
139 820 11
139 1133 7
139 1479 28
140 329 28
140 382 28
140 867 24
140 1545 10
140 1615 24
140 1757 8
141 793 1
141 1461 12
142 108 10
142 455 11
142 486 27
142 928 30
142 1153 11
143 980 2
143 1564 30
143 1671 22
144 1488 4
145 961 25
145 1137 20
146 1225 1
146 1252 4
146 1434 29
146 1802 22
147 301 2
147 727 11
147 1219 18
147 1761 6
148 179 15
148 958 28
148 1463 4
148 1650 4
149 548 17
149 1198 23
149 1767 27
149 1775 18
150 461 8
150 668 27
150 1034 11
150 1104 19
150 1337 6
150 1997 21
151 666 16
151 896 27
151 1335 2
151 1559 9
152 357 26
152 1112 15
152 1439 12
152 1456 12
152 1557 4
153 274 4
153 278 15
153 790 25
153 1543 17
153 1875 16
154 245 5
154 722 4
154 1542 13
155 84 11
155 231 1
155 783 17
155 1689 7
156 1565 10
157 1759 1
158 136 3
158 336 27
158 510 9
158 910 21
158 940 7
158 1642 27
158 1718 18
160 1131 20
160 1339 4
160 1535 14
161 88 13
161 676 12
161 1575 1
162 179 27
162 992 15
162 1259 12
163 833 30
163 1313 18
164 264 27
164 744 16
164 1342 4
164 1503 12
164 1522 13
164 1664 29
165 149 17
165 264 23
165 1043 22
165 1091 3
165 1301 29
166 1372 1
167 792 25
168 543 24
169 250 19
169 1864 3
170 181 14
170 1880 26
171 197 30
171 1613 2
171 1971 7
172 574 25
172 684 15
172 1322 19
172 1454 29
173 410 8
173 562 7
173 608 13
173 1296 19
173 1680 6
175 880 23
175 1153 15
175 1269 14
176 776 18
176 1872 19
177 1552 26
177 1702 17
178 483 5
178 901 18
178 1136 8
178 1247 29
178 1896 9
179 1194 30
180 100 23
180 542 2
180 1364 18
180 1949 26
181 365 7
181 1894 5
182 25 17
182 64 30
182 1119 3
182 1167 11
182 1588 7
182 1866 21
183 817 9
183 1337 14
183 1886 27
183 1897 14
184 119 2
184 772 25
184 1414 28
184 1461 9
185 95 8
185 356 15
185 695 19
186 139 3
186 518 23
186 528 15
186 762 12
186 828 22
186 910 13
186 1067 20
186 1104 13
186 1348 27
187 556 13
187 884 23
187 921 22
188 80 12
188 615 19
188 783 30
188 989 11
188 1739 22
188 1858 3
189 422 9
189 715 4
189 929 3
189 1313 22
189 1448 23
189 1589 16
190 1939 16
191 259 9
191 1470 5
191 1806 16
192 477 16
192 1421 12
192 1441 4
192 1517 10
193 127 26
193 418 18
193 641 13
193 761 18
193 1565 22
194 1117 25
196 938 22
196 1488 18
196 1658 29
197 216 14
197 646 2
198 249 10
198 1963 3
199 312 1
199 348 21
199 695 16
199 869 3
199 1083 21
199 1235 19
199 1351 28
199 1725 13
200 128 11
200 879 13
200 1471 20
200 1617 19
201 161 10
201 312 5
201 957 26
201 1134 21
201 1250 8
201 1872 27
202 191 16
202 235 17
202 733 2
202 1745 25
202 1849 8
203 355 26
203 993 17
203 1304 25
203 1495 24
204 879 30
204 921 18
205 332 4
205 825 24
205 911 19
205 946 16
205 1054 9
205 1332 13
205 1855 6
205 1863 20
206 58 10
206 183 10
206 1550 22
206 1580 15
207 130 29
207 1890 11
208 331 24
208 862 3
208 919 28
208 1180 6
208 1339 2
209 200 17
209 875 21
209 898 18
209 1346 18
210 139 16
210 487 17
211 79 5
211 421 2
212 1454 4
212 1538 20
213 514 23
213 1287 21
213 1436 23
214 1278 9
215 1079 1
215 1246 30
215 1412 9
215 1431 6
215 1802 28
215 1824 28
216 87 15
216 453 29
216 704 20
216 879 21
216 1211 28
217 775 22
217 798 6
217 840 22
217 1332 11
217 1725 11
218 17 16
218 253 27
218 285 2
218 300 25
218 521 6
218 1408 9
219 1483 12
219 1644 2
220 410 2
220 575 7
220 937 22
220 1787 24
220 1805 27
220 1843 6
221 200 24
221 396 20
221 725 28
221 761 3
221 819 25
222 227 25
222 1001 30
222 1853 1
222 1932 15
223 107 11
223 1257 22
223 1462 4
223 1942 2
224 228 19
224 1223 26
224 1262 5
224 1421 30
224 1752 3
224 1897 23
225 585 23
225 885 27
225 914 21
225 1461 1
225 1740 8
225 1865 22
226 372 2
226 1151 6
227 526 13
227 929 17
227 1134 3
227 1760 11
228 791 3
228 875 14
228 1028 8
229 1795 5
230 340 8
230 977 24
230 1844 26
231 8 8
231 480 8
231 1502 7
232 1217 21
233 8 12
233 873 30
233 1710 10
233 1824 29
234 689 4
234 1947 1
235 968 1
235 1665 19
235 1964 23
236 1056 27
237 190 9
237 1244 15
238 36 27
238 773 30
239 352 8
239 465 2
239 755 5
239 1264 24
239 1727 26
240 1128 15
240 1679 26
240 1780 9
240 1846 22
241 1218 22
241 1971 8
243 809 7
243 1982 18
244 1350 8
245 822 14
245 1499 16
246 333 20
246 682 17
246 1176 7
246 1512 29
246 1598 15
246 1894 3
246 1964 21
247 89 15
247 890 21
247 1381 13
247 1515 4
248 261 29
248 513 27
248 1606 30
248 1690 20
249 739 4
249 1510 23
249 1623 16
250 990 20
250 1361 19
250 1582 22
250 1729 7
250 1923 19
251 1566 5
251 1864 29
252 178 27
252 667 11
252 1594 8
252 1886 26
253 779 25
253 889 15
253 1311 15
253 1448 11
253 1621 21
254 569 14
254 783 26
254 842 23
255 570 4
255 806 2
256 416 5
256 835 9
256 1564 5
256 1772 25
257 928 27
257 1047 26
257 1672 7
258 261 23
258 612 19
258 1538 22
259 71 12
259 322 7
259 536 14
259 1051 10
259 1425 17
259 1821 18
260 1035 30
260 1426 13
261 1635 29
261 1956 7
262 224 8
262 489 15
262 859 21
263 533 23
263 902 25
263 907 4
263 980 28
264 555 12
264 750 18
264 840 23
264 895 6
264 1603 23
265 135 1
265 1127 2
265 1820 17
266 257 20
266 792 28
266 861 23
266 1854 12
267 622 8
267 1360 7
267 1441 15
267 1642 6
268 425 20
268 1208 16
268 1282 22
268 1604 29
268 1832 16
269 1256 5
269 1613 27
270 253 14
270 426 4
270 613 11
270 687 5
270 1086 18
270 1978 28
271 340 30
271 1087 7
271 1345 1
271 1673 17
271 1708 30
272 927 6
272 1404 1
273 320 22
273 1044 30
273 1371 10
274 458 11
274 534 27
274 981 24
274 1456 14
276 1193 26
276 1459 30
277 213 20
277 383 1
277 602 11
277 727 6
277 1692 22
278 1057 10
278 1962 21
279 88 18
279 308 28
279 1121 4
279 1818 14
280 1596 9
281 6 30
281 764 1
281 1297 28
282 88 29
282 1119 8
282 1591 28
282 1827 8
282 1946 29
283 938 26
283 1581 8
283 1772 20
283 1940 25
284 1542 17
286 86 23
286 941 13
286 1852 11
287 104 6
287 943 8
287 1817 2
287 1857 26
288 871 8
288 1485 13
288 1559 23
288 1640 21
289 1404 22
289 1461 13
289 1678 1
291 1458 19
292 1335 16
292 1438 14
292 1869 19
292 1994 16
293 75 6
293 1382 16
294 1595 6
295 28 13
295 413 6
295 579 13
295 1682 3
296 284 23
296 385 21
296 475 23
297 326 17
297 533 29
297 729 7
297 743 21
297 1295 1
297 1825 4
298 643 28
299 250 3
299 1295 21
299 1385 27
299 1806 15
299 1980 13
300 288 9
300 346 28
300 466 25
300 1119 9
301 335 16
301 458 3
301 551 22
301 569 27
301 629 10
301 897 28
301 1297 4
301 1583 15
301 1703 2
301 1751 1
302 356 20
302 1005 5
302 1474 23
303 99 2
303 229 19
303 336 9
303 1168 30
303 1829 17
304 814 29
304 1278 1
304 1911 20
305 73 18
305 1325 25
305 1742 3
306 1128 6
306 1959 9
307 5 15
307 79 15
307 237 6
307 427 2
307 1300 23
309 261 13
309 319 26
309 765 7
309 1980 1
309 2000 5
311 879 4
311 1149 5
312 355 11
312 801 27
312 804 5
313 743 30
314 112 23
314 143 28
314 485 1
314 623 3
314 766 28
314 1121 23
314 1131 19
314 1299 19
314 1894 15
314 1961 1
314 1991 28
315 163 9
315 277 3
315 778 4
316 538 17
317 307 9
317 640 10
317 1402 14
317 1642 10
318 99 2
318 249 18
318 599 27
318 1171 30
318 1879 19
319 492 1
319 892 25
319 1733 23
320 244 12
320 435 22
320 1900 19
321 437 11
321 1422 14
323 77 16
323 522 4
323 752 17
323 912 6
323 992 18
323 1763 27
324 384 24
324 825 2
324 1167 27
324 1269 13
325 984 10
325 1172 21
325 1748 16
325 1940 18
326 379 30
326 1531 25
326 1951 23
327 99 1
327 539 19
327 1230 10
327 1547 28
327 1549 18
328 253 20
328 256 20
328 347 13
328 1281 12
328 1651 1
328 1907 26
329 585 23
329 1112 4
329 1521 1
329 1718 8
330 74 29
330 1573 9
331 132 5
332 712 16
332 1227 6
332 1456 20
332 1896 9
333 1083 24
333 1693 3
333 1744 18
334 1212 15
335 1919 10
336 35 27
336 51 6
337 786 27
337 1754 11
338 159 28
338 998 7
339 823 20
339 1465 17
340 678 16
340 1320 10
341 136 7
341 705 20
341 1170 13
341 1349 29
341 1969 15
342 188 5
342 541 2
342 914 16
343 1676 5
343 1808 22
344 31 16
345 1444 1
345 1551 7
346 229 13
346 997 21
347 1309 15
348 130 7
348 1279 15
349 836 24
349 1511 13
350 473 24
350 1412 12
351 274 10
351 982 20
352 77 22
352 408 7
352 606 18
352 854 4
353 330 16
353 495 4
353 1065 5
353 1511 22
353 1674 23
353 1915 9
354 265 12
354 635 8
354 1301 6
354 1463 14
354 1750 15
354 1890 10
355 555 27
355 1387 22
356 88 10
357 156 4
357 226 5
358 100 22
358 135 10
358 411 11
358 1052 6
358 1198 26
358 1925 15
359 212 22
359 298 7
359 1271 24
362 353 11
362 1225 21
362 1366 22
363 453 29
363 797 16
363 918 7
364 92 24
364 566 20
364 1860 20
365 307 16
365 1118 20
365 1784 2
366 122 15
366 197 25
366 512 7
366 1358 21
366 1868 26
366 1928 3
368 277 13
368 1075 28
368 1907 28
369 1245 17
369 1563 19
370 249 8
370 1384 27
371 383 17
371 467 3
371 1063 11
372 817 8
372 958 1
372 1693 26
373 62 10
373 341 13
373 1885 17
374 143 30
374 1277 28
374 1864 16
375 1050 23
375 1744 9
376 1669 5
376 1725 9
377 1263 29
378 601 28
378 777 23
379 111 23
379 146 4
379 582 14
379 1028 19
379 1708 29
380 370 26
380 1794 16
380 1829 26
381 137 12
381 1108 26
381 1237 25
381 1656 30
382 228 12
382 256 27
382 954 2
382 1665 19
383 1452 20
383 1855 27
384 892 21
384 899 2
385 211 5
385 1205 20
385 1850 22
386 884 12
386 1137 13
386 1489 30
386 1544 9
387 141 13
387 1677 28
388 194 6
388 549 5
388 638 13
388 1302 2
388 1489 10
389 1625 23
390 836 30
390 1461 27
391 329 30
391 1504 17
393 265 30
393 413 25
393 1510 12
394 1654 21
395 681 29
395 1315 30
395 1888 22
396 664 9
396 1295 11
396 1551 10
397 1020 29
397 1719 13
398 13 7
398 967 19
399 455 26
399 1401 18
399 1611 1
400 709 25
400 886 26
400 1541 13
401 1511 15
402 247 2
402 380 9
402 1076 27
402 1440 25
402 1582 11
402 1936 11
403 250 16
403 884 29
404 39 10
404 334 2
404 533 21
404 1800 4
405 413 5
405 726 11
405 1163 2
406 1031 5
406 1722 25
406 1863 11
406 1894 15
407 59 26
407 290 9
407 515 19
407 1411 2
408 1149 19
408 1634 14
408 1913 20
409 1596 19
409 1601 1
409 1641 7
410 1557 23
411 1333 15
411 1537 30
412 612 24
412 1424 3
413 1215 24
413 1272 26
413 1469 13
413 1508 9
413 1835 24
413 1850 22
414 539 3
414 778 14
414 1275 17
414 1908 7
415 120 17
415 294 19
415 453 3
415 701 11
415 977 21
415 1367 18
416 137 6
416 632 21
416 1372 6
416 1605 30
417 328 10
417 350 12
418 1015 11
418 1045 20
418 1144 12
419 1229 17
420 96 5
421 367 18
421 1603 17
422 60 20
422 199 20
422 293 10
423 86 15
423 641 24
423 664 11
423 968 30
424 592 15
424 1112 5
424 1367 6
424 1368 23
425 1405 11
425 1581 22
426 528 11
426 837 14
427 113 24
427 171 23
427 257 23
427 703 21
427 1015 14
427 1274 20
428 1843 20
429 1929 15
430 364 23
430 521 30
430 1041 4
430 1602 4
431 191 17
431 248 30
431 455 21
432 1623 25
433 553 19
433 1014 2
433 1436 26
433 1697 3
434 456 25
434 840 6
434 1152 3
435 1439 1
435 1598 2
435 1933 30
436 1227 24
437 485 13
437 723 21
437 844 26
438 327 18
438 779 14
438 1875 19
439 55 2
439 77 26
439 507 24
439 653 21
439 1549 16
440 179 30
440 400 14
440 739 7
441 1688 25
441 1994 9
442 1710 15
443 349 25
443 1242 22
443 1628 9
443 1723 13
443 1941 23
444 320 5
444 1321 8
444 1585 10
446 240 2
446 529 2
447 139 10
447 459 4
447 657 1
447 1619 25
448 488 8
449 426 13
449 439 21
449 474 17
450 878 18
450 1701 1
450 1958 18
451 233 13
451 1113 24
452 1335 30
452 1543 28
453 1061 23
453 1763 5
453 1786 5
455 461 17
456 85 14
456 1350 11
457 495 3
457 1384 5
458 1183 20
458 1277 16
458 1466 19
459 236 24
459 483 15
459 570 20
459 709 25
459 839 16
460 314 30
460 1203 28
460 1535 8
460 1559 24
460 1873 27
460 1927 20
461 81 6
462 452 13
462 723 7
462 1098 6
463 306 30
463 1746 19
463 1795 21
463 1803 30
463 1952 9
465 277 5
465 1783 4
465 1834 5
466 353 14
466 954 9
466 1035 15
466 1322 16
466 1587 5
467 558 4
468 1995 23
469 71 16
470 593 27
470 795 7
470 936 5
470 964 14
470 1956 14
471 1272 26
471 1589 3
472 153 21
472 722 12
473 463 30
473 1199 10
474 1928 17
475 574 12
475 1521 16
477 1467 23
478 216 4
478 254 5
478 1278 5
478 1775 25
479 1555 13
480 413 10
480 496 28
480 1840 17
481 237 23
481 1571 29
481 1903 1
482 788 30
482 910 3
482 1561 27
482 1775 23
483 276 18
483 395 15
483 807 21
483 1263 15
483 1812 28
483 1934 5
483 1984 10
484 468 23
484 602 25
484 686 21
485 69 22
485 688 27
485 1140 8
485 1380 25
485 1701 12
485 1744 22
485 1892 28
485 1924 8
486 1028 26
487 388 22
488 1077 12
488 1921 27
489 3 12
489 841 20
489 1443 11
489 1754 2
489 1831 13
490 864 11
490 1472 4
490 1567 9
491 143 25
491 166 14
491 721 23
492 678 7
492 1004 28
492 1086 21
492 1992 11
493 56 29
493 905 5
493 1027 28
493 1431 20
493 1867 26
494 1352 16
494 1540 19
495 220 12
495 835 27
495 1399 2
495 1728 10
496 911 27
496 1742 19
496 1963 23
497 832 8
497 870 16
497 1710 26
499 25 28
499 653 18
499 761 27
499 1340 2
499 1366 28
499 1942 23
501 1782 10
501 1916 14
502 381 6
502 509 2
502 1004 21
502 1123 25
502 1162 14
502 1752 23
503 148 15
503 1209 18
503 1356 12
504 367 4
504 432 5
504 435 27
504 1198 14
505 675 17
505 826 24
505 1042 15
506 1061 18
507 677 12
507 939 4
508 586 2
508 871 11
508 1113 11
508 1375 28
508 1489 30
508 1556 28
510 148 24
510 250 1
510 584 18
510 1201 16
511 539 10
511 713 1
511 737 13
511 790 4
512 284 13
512 425 29
512 1156 9
512 1392 6
512 1795 14
513 1319 19
513 1640 9
513 1832 9
514 452 23
514 638 6
515 124 15
515 437 1
516 95 21
516 168 29
517 643 18
517 770 2
517 785 24
517 1914 20
518 940 12
518 1156 26
518 1561 9
518 1979 12
519 622 24
519 1597 2
520 550 4
521 393 3
521 1539 10
522 1723 14
523 26 3
523 191 14
523 637 9
523 893 8
523 1306 5
524 507 17
524 512 5
524 968 10
524 1151 5
524 1207 13
524 1409 10
524 1667 20
525 130 18
525 364 24
525 892 20
526 1427 8
527 8 15
527 258 30
527 262 1
527 821 8
527 1557 11
527 1876 5
528 617 4
528 1901 19
528 1991 16
529 1261 19
529 1314 12
530 778 19
530 1157 21
531 380 13
531 590 24
531 1753 15
531 1920 19
532 391 2
532 929 22
532 1733 23
533 594 11
533 724 18
533 1299 24
533 1730 7
534 308 1
534 1467 3
534 1853 18
536 183 18
536 323 27
536 665 30
536 1351 18
536 1613 3
536 1915 21
537 172 10
537 1688 10
537 1826 1
538 552 14
538 1007 5
538 1874 11
539 563 29
539 1083 15
539 1570 22
539 1587 10
539 1962 5
540 102 27
540 747 25
540 1287 20
540 1679 15
540 1729 19
540 1732 3
541 638 7
541 935 29
541 1092 21
541 1479 30
541 1718 27
542 217 13
542 494 24
542 950 15
542 1359 30
543 492 12
543 1312 6
544 252 9
544 346 14
544 727 26
544 791 19
544 1249 16
544 1307 26
544 1367 2
544 1515 20
545 56 28
545 536 23
545 762 5
545 977 19
545 1805 24
546 201 1
546 628 15
546 645 18
547 170 20
547 959 29
547 1950 28
548 51 15
548 242 27
549 8 18
550 689 27
550 1980 18
551 235 15
551 264 9
551 1542 12
552 304 21
552 390 30
552 1377 23
552 1564 26
553 211 9
553 248 7
553 540 13
554 1431 19
555 389 14
555 986 30
555 1093 12
555 1166 3
556 722 27
556 1015 26
556 1938 29
557 375 15
557 1360 11
557 1649 30
558 1394 22
558 1644 21
559 628 11
559 991 12
559 1043 18
560 718 17
560 1910 1
560 1941 6
561 138 13
561 520 18
561 906 20
562 1435 21
562 1882 21
563 119 2
563 1283 21
563 1862 14
565 618 19
565 692 21
565 1164 12
565 1433 1
566 29 9
567 465 25
567 590 30
567 669 12
567 1978 19
568 50 26
569 364 30
569 1161 10
569 1865 2
569 1976 10
570 719 1
570 780 15
570 822 30
570 1149 11
570 1976 27
571 311 18
571 784 28
571 933 19
572 123 23
572 138 2
572 1761 6
573 283 4
573 344 23
573 443 27
573 616 27
573 652 13
573 1688 2
573 1887 15
574 799 25
574 1539 13
575 212 7
575 491 3
575 1560 29
576 188 6
576 1493 6
577 773 9
577 1562 23
578 442 5
578 680 18
578 1401 16
578 1473 15
578 1980 18
579 1547 1
580 91 14
580 682 21
580 1418 19
581 552 23
581 879 10
581 1233 7
581 1639 7
581 1969 11
582 60 12
582 583 10
582 701 25
582 935 30
583 162 28
583 756 29
583 1253 1
583 1862 12
584 369 23
584 1896 5
585 121 18
585 294 17
585 1416 25
586 125 15
586 214 23
586 1986 4
587 567 29
587 1033 19
587 1037 13
588 226 15
588 371 3
589 12 23
589 1178 15
589 1903 9
590 172 13
590 203 25
590 885 23
590 1101 14
590 1177 1
590 1302 30
590 1566 24
590 1870 4
590 1963 1
591 1918 19
592 65 4
592 197 29
592 627 17
592 1301 26
592 1378 2
592 1379 10
593 1107 1
593 1167 12
594 648 18
594 784 17
594 821 18
595 97 10
595 147 20
595 379 17
595 525 29
595 784 25
596 649 1
596 889 23
596 932 17
596 1311 7
596 1392 23
596 1819 21
597 1328 1
598 104 16
598 1175 4
598 1228 1
598 1815 7
598 1868 19
598 1934 26
598 1996 29
599 1107 7
600 1886 21
601 136 27
601 849 16
602 32 17
602 135 21
602 1746 17
603 535 9
603 961 2
603 1097 4
603 1295 25
604 210 19
604 1375 6
604 1874 15
604 1967 27
605 707 26
605 1005 1
606 1121 27
606 1638 10
607 1481 17
607 1842 3
608 380 25
608 584 29
608 708 25
608 906 2
609 304 2
609 1004 17
609 1254 8
609 1709 20
610 807 13
610 1371 6
610 1725 19
610 1812 3
611 286 25
611 1315 26
612 1036 19
612 1463 15
613 300 4
613 637 27
613 1217 8
613 1654 29
613 1852 14
614 191 18
614 1688 4
615 1430 28
616 994 15
616 1361 21
616 1616 20
616 1692 3
617 148 1
617 1707 28
617 1769 28
617 2000 25
618 791 26
619 1749 22
619 1974 26
620 1456 27
620 1958 1
621 358 25
621 1814 8
622 603 13
623 689 30
624 122 26
624 197 7
624 495 16
624 1185 13
625 334 26
625 360 30
625 708 16
626 1326 14
626 1328 29
627 730 15
627 1377 27
628 61 17
628 617 18
628 905 16
628 1114 23
629 1237 1
630 222 5
630 309 17
630 1609 1
631 179 24
631 890 14
631 1384 17
632 899 19
632 1669 28
633 73 4
633 1612 15
633 1750 28
634 117 28
634 914 15
634 1264 10
634 1978 19
635 596 10
635 931 16
635 1631 5
636 198 23
636 672 3
637 279 26
637 704 30
637 888 9
638 322 25
638 891 14
638 1203 27
638 1585 3
639 194 24
639 210 13
639 212 17
639 1150 24
639 1432 9
639 1537 3
639 1540 16
640 213 3
640 516 9
640 540 2
640 821 13
640 997 6
640 1175 27
640 1288 28
640 1545 25
641 147 24
641 165 4
641 1979 26
642 568 4
642 879 13
642 1658 3
643 1091 8
643 1833 27
644 601 28
644 692 26
644 968 27
644 1612 6
644 1638 20
645 784 2
645 999 2
645 1140 14
645 1628 25
646 241 6
646 412 22
646 621 18
646 935 7
646 1128 24
647 696 25
648 229 1
648 1486 24
648 1772 18
650 203 13
650 1114 21
651 444 14
651 710 2
651 1896 15
652 5 29
652 767 5
653 184 10
653 248 3
653 1855 10
654 377 13
654 552 10
654 879 6
654 1061 10
654 1682 27
655 1078 24
656 126 7
656 470 8
656 630 26
657 39 8
657 696 21
657 842 12
657 870 6
657 1304 12
657 1883 22
658 93 12
658 791 28
658 847 16
658 1819 12
659 20 13
659 1667 4
660 908 16
660 1730 4
660 1914 9
661 500 18
661 1505 18
662 80 8
662 189 22
662 193 20
662 979 10
663 369 1
663 587 24
663 1023 11
663 1038 29
663 1509 25
663 1621 8
664 245 14
664 564 1
664 719 15
664 1540 1
664 1671 30
666 402 28
666 928 13
666 976 5
666 1176 1
666 1279 26
667 704 8
667 991 20
667 1492 11
667 1576 11
667 1736 3
667 1918 6
669 899 27
669 1262 6
669 1306 15
669 1545 6
670 1411 15
671 804 22
672 1713 27
672 1795 26
673 22 23
673 963 20
673 1383 19
673 1599 3
674 1767 18
675 1289 13
676 13 2
676 1275 23
677 798 5
677 1167 17
677 1629 24
678 344 5
678 1682 6
678 1839 28
679 1107 1
679 1902 6
680 409 23
680 814 9
680 913 26
680 1222 3
681 714 19
681 1000 20
681 1210 1
681 1685 7
681 1912 17
682 541 7
682 1885 12
683 554 23
683 1458 28
684 823 1
685 266 19
686 299 12
686 1179 20
686 1476 7
687 807 6
688 26 29
688 891 12
688 1327 8
688 1527 21
688 1555 16
689 1687 16
690 955 14
690 1859 20
691 632 21
691 686 11
691 1014 21
691 1111 18
692 1094 25
692 1546 21
692 1731 5
693 369 28
693 603 1
693 654 24
693 1184 20
693 1348 30
693 1986 10
694 241 26
694 335 11
694 417 3
694 469 15
694 807 11
695 1195 21
696 1282 26
696 1942 22
697 124 19
697 280 1
697 400 12
697 1061 22
697 1273 30
697 1367 3
697 1398 8
698 1411 15
699 1069 8
700 1163 19
700 1604 27
702 75 11
702 700 1
702 1074 7
702 1731 5
703 1133 13
704 145 11
704 1191 24
704 1556 14
704 1912 5
705 164 13
705 1012 13
705 1342 14
705 1382 30
705 1996 15
706 1405 8
706 1463 14
707 1112 18
708 370 20
708 384 9
709 345 1
709 1777 1
710 964 2
710 1960 13
711 677 22
711 1402 23
713 1235 15
713 1236 21
714 568 30
714 685 14
715 182 10
715 299 26
716 1742 16
716 1969 2
717 626 24
717 970 21
718 23 15
718 955 5
718 1348 6
719 13 28
719 302 9
720 300 11
720 728 2
720 745 14
721 1015 10
721 1214 8
721 1977 22
722 2000 24
723 743 25
723 1871 3
724 1176 24
725 1007 26
725 1743 3
725 1875 17
726 1508 8
726 1805 25
727 337 10
727 752 14
727 807 15
727 947 9
727 1039 19
727 1059 16
727 1327 26
728 566 5
728 1010 18
729 266 20
729 1215 25
729 1620 2
730 522 24
730 529 22
731 55 21
731 1218 24
731 1536 2
732 197 14
732 583 7
732 874 12
732 1593 21
732 1836 20
733 334 27
733 655 8
734 126 23
734 1985 20
735 133 3
735 373 25
735 751 7
735 1017 2
735 1368 11
735 1828 8
736 390 15
736 1790 26
737 391 16
738 959 3
738 1419 11
739 478 3
739 541 7
739 954 20
739 1527 22
739 1872 23
740 162 21
740 768 7
741 650 7
741 1540 3
741 1742 30
741 1781 8
741 1866 8
741 1892 7
742 475 19
742 1162 29
742 1704 18
744 418 15
744 918 6
744 986 2
744 1492 27
744 1965 30
746 281 27
746 1357 25
747 60 1
747 1044 7
747 1698 2
748 805 7
749 925 24
749 1977 9
750 1401 1
750 1489 27
751 207 3
751 924 30
751 1060 16
751 1298 25
752 32 14
752 1612 29
752 1872 23
755 287 20
755 686 23
755 1068 23
756 1012 28
756 1145 1
756 1403 21
757 1823 8
758 976 21
758 1180 30
758 1331 23
759 50 26
759 1103 2
759 1778 11
760 1005 17
760 1795 28
760 1862 5
761 750 17
761 1399 26
761 1641 28
762 277 15
762 843 12
762 998 28
762 1063 15
762 1600 8
762 1628 30
763 76 14
763 104 15
763 716 16
763 1234 28
763 1493 13
764 233 9
764 295 9
764 844 6
764 1082 23
764 1106 6
764 1256 6
764 1953 13
765 119 14
765 354 26
765 993 12
765 1119 28
765 1377 13
766 156 13
766 566 30
766 842 21
766 892 2
766 985 4
766 1935 7
767 872 20
767 979 23
767 1871 13
768 1521 1
769 669 12
769 1569 27
769 1755 30
769 1826 11
769 1934 3
770 1032 14
770 1883 19
771 791 22
771 1030 27
771 1508 27
771 1703 30
772 492 24
772 1279 19
773 1627 28
774 20 21
775 896 23
775 937 11
775 1423 8
775 1639 26
776 1115 30
777 281 20
777 1602 1
778 1202 29
779 1101 10
780 101 24
780 1242 24
780 1301 8
780 1599 13
781 246 8
781 479 20
781 590 5
781 722 19
781 997 8
781 1361 4
781 1681 21
781 1795 2
781 1871 18
782 45 9
782 727 23
782 845 6
782 1538 27
783 826 15
783 946 29
783 1024 7
784 57 12
784 1265 19
784 1442 29
784 1493 22
784 1747 26
785 281 17
785 635 21
785 1796 7
786 66 17
786 113 11
787 398 8
787 1043 10
788 80 4
788 922 15
789 503 15
789 824 11
789 1410 26
789 1584 19
790 730 29
790 934 25
790 1357 23
790 1437 11
790 1475 27
791 831 2
791 912 20
791 930 11
791 1616 7
791 1676 16
791 1989 25
792 821 5
792 1097 23
793 184 6
794 779 15
794 902 13
794 994 27
795 357 10
795 587 29
795 605 9
795 1273 8
795 1482 7
796 855 11
797 908 15
797 1000 9
797 1266 14
797 1994 21
798 252 15
798 479 16
798 770 8
798 831 3
798 1179 6
798 1690 2
799 602 17
799 1041 17
800 337 20
800 1217 10
800 1491 6
801 27 1
801 761 16
801 1311 13
801 1728 25
801 1964 12
802 260 5
802 1700 1
803 1139 26
803 1508 10
805 1435 19
806 1452 27
807 739 8
807 1262 20
807 1461 4
807 1734 7
807 1804 30
808 506 18
808 1393 7
808 1524 6
808 1592 30
808 1768 21
808 1819 21
809 285 7
809 1842 15
811 338 27
811 1805 9
812 186 2
812 401 5
812 519 28
812 567 3
812 1224 2
812 1299 20
813 609 19
813 725 14
813 804 15
813 1109 22
813 1810 11
813 1978 15
814 1638 18
815 429 20
815 1490 25
815 1880 6
816 512 19
816 1475 14
816 1480 10
818 1450 25
818 1904 6
819 896 19
819 1532 1
819 1992 11
820 940 19
820 1127 13
820 1593 23
821 73 17
822 943 28
822 1009 11
822 1206 17
822 1663 21
823 1491 15
823 1615 7
823 1661 23
823 1806 16
824 198 26
824 326 11
824 421 30
824 1481 10
825 625 25
825 646 10
825 693 16
825 1130 12
825 1223 29
825 1688 11
825 1986 9
826 309 17
826 739 24
826 1081 10
826 1201 4
827 1548 29
827 1937 29
828 1026 26
828 1037 1
828 1764 9
828 1940 9
828 1989 24
829 132 17
829 242 28
829 397 4
829 981 4
829 1891 18
830 1240 19
831 536 10
831 916 10
832 65 26
832 893 27
832 1169 13
832 1194 25
832 1404 7
833 92 29
833 193 26
833 264 14
833 694 2
833 829 16
833 900 24
833 1122 10
833 1331 25
833 1734 10
834 167 20
834 936 28
834 1058 30
834 1192 10
834 1407 15
834 1416 1
834 1487 18
834 1641 15
834 1685 16
834 1981 26
835 172 12
835 1088 19
836 245 29
836 820 21
837 374 29
837 456 30
837 1087 23
837 1188 25
838 304 27
838 756 27
840 1049 19
840 1125 3
840 1426 25
841 324 7
841 978 16
843 482 26
843 564 22
843 1997 2
844 172 5
844 1419 16
844 1808 11
844 1855 24
845 610 5
845 1176 2
845 1353 25
846 212 12
846 225 2
846 655 4
846 855 26
846 1004 9
847 64 30
847 783 30
847 1188 28
848 645 28
848 723 20
848 1020 26
848 1919 28
849 51 12
849 1133 20
849 1878 24
850 1493 30
851 492 1
851 557 18
852 1438 24
852 1743 7
853 398 25
853 778 19
854 495 28
854 1436 26
854 1764 16
854 1806 6
855 199 28
855 713 1
855 818 2
855 1111 30
855 1325 26
855 1656 13
855 1769 23
856 996 29
856 1472 9
856 1657 2
856 1740 28
857 463 8
857 1252 21
858 674 18
858 872 19
858 1205 16
858 1331 7
860 342 23
860 776 28
860 1095 22
861 635 22
861 1597 28
861 1646 9
862 566 8
862 865 4
862 1184 25
862 1963 18
863 682 23
863 1709 21
864 257 3
864 580 20
864 1057 10
864 1416 26
864 1950 22
865 277 9
865 555 21
865 1025 4
865 1947 24
866 36 11
866 125 4
866 1081 25
867 1013 1
867 1236 3
867 1621 15
867 1942 18
867 1944 22
868 1440 22
869 748 16
869 1635 6
870 416 19
870 489 7
870 721 27
870 791 16
870 1549 15
870 1736 26
871 224 11
871 337 9
871 1169 14
872 423 26
872 793 21
872 1852 8
873 584 7
873 948 1
873 1129 3
873 1916 28
874 692 1
874 1112 15
874 1492 24
874 1517 24
874 1802 26
875 1208 27
875 1372 10
876 963 18
876 1359 22
877 286 16
877 303 27
877 627 13
877 1298 8
877 1470 12
877 1996 10
878 1433 18
878 1443 18
879 237 28
879 1017 26
879 1112 24
879 1147 24
879 1226 28
879 1555 24
879 1630 7
880 880 23
880 1240 7
880 1443 14
881 94 22
881 512 7
881 1098 9
882 850 19
882 1363 29
883 257 23
883 957 4
883 1551 23
884 8 10
884 142 23
884 1988 24
885 871 27
886 487 14
886 1014 10
886 1127 23
886 1145 18
886 1402 9
887 674 4
887 755 27
888 38 26
888 396 13
888 1032 24
889 13 13
889 183 28
889 530 9
889 1461 11
889 1632 22
889 1877 15
890 44 25
891 248 20
891 1977 21
892 1313 16
892 1883 18
892 1905 21
893 367 27
893 1719 16
895 12 13
895 257 30
897 689 30
898 641 23
898 939 22
898 1635 24
898 1877 19
899 1222 27
899 1755 25
899 1937 4
900 1418 14
900 1608 25
900 1645 29
901 20 2
901 515 12
901 909 4
901 1542 18
901 1624 25
902 1025 1
902 1099 26
902 1411 5
902 1910 14
903 977 3
904 1015 21
905 718 3
905 965 15
905 1213 7
905 1405 20
905 1552 5
906 1553 3
906 1715 6
907 108 17
907 189 24
907 270 27
907 754 1
907 879 8
907 1327 20
908 743 12
908 764 26
908 1110 6
909 584 7
910 159 10
910 222 30
910 1941 5
911 552 3
912 68 12
912 194 8
912 732 20
912 973 28
913 650 1
913 1378 16
913 1548 2
913 1563 14
914 15 10
914 137 22
914 366 9
914 484 24
914 583 20
914 1325 28
914 1968 28
915 78 14
915 1645 25
916 1376 6
917 37 30
917 728 22
917 1007 29
917 1730 7
918 2 3
919 1371 10
920 614 24
920 1508 1
920 1634 16
920 1638 3
921 1115 30
921 1182 12
922 4 28
922 635 3
922 1869 20
923 310 17
923 641 30
923 1088 20
923 1190 24
923 1224 23
923 1448 25
923 1728 3
924 519 7
924 940 3
924 1222 26
924 1648 26
924 1837 1
924 1922 15
926 1977 2
927 718 17
927 1685 21
928 497 1
928 1553 30
928 1841 19
928 1898 29
929 1244 25
929 1457 20
930 1856 22
932 1991 25
933 288 27
933 1007 17
933 1611 16
933 1638 8
934 1105 14
934 1125 19
934 1446 19
934 1898 30
935 205 10
935 876 8
935 1658 24
936 893 3
936 1234 25
936 1558 18
937 283 9
937 756 27
937 859 14
937 1035 26
937 1134 19
937 1854 28
939 1608 27
940 524 6
940 1698 10
940 1897 27
941 369 27
941 404 20
941 487 17
941 636 21
941 800 9
941 1151 9
941 1407 7
941 1548 27
942 174 25
943 212 23
943 653 5
943 695 30
943 1160 11
943 1690 23
944 932 21
945 1895 12
946 140 23
946 1270 6
946 1715 14
947 11 17
947 84 24
947 621 14
947 920 13
947 1393 7
947 1456 10
948 234 2
948 563 26
948 1359 6
949 491 29
949 1628 28
949 1653 25
949 1762 25
950 83 17
951 1974 11
952 90 8
952 874 18
952 940 11
953 442 14
953 880 14
953 1208 27
953 1441 6
953 1692 10
954 470 26
954 649 8
954 811 3
954 1348 17
954 1899 20
954 1962 17
955 34 22
955 717 25
955 1382 3
955 1387 7
957 129 9
958 103 7
958 740 13
958 1130 18
958 1300 30
958 1315 1
959 23 15
959 1034 28
959 1129 28
959 1825 9
960 281 15
960 350 14
960 769 12
960 1092 22
961 214 23
961 337 14
961 1381 27
962 139 7
962 1929 11
963 1510 25
964 415 16
964 1015 28
965 534 2
965 627 10
965 1236 14
966 575 13
966 606 26
966 1498 28
966 1960 8
967 99 28
967 518 4
967 553 8
967 1183 5
968 911 9
969 636 25
969 772 4
969 1646 9
970 1068 1
970 1069 24
971 211 28
971 1023 10
971 1534 30
971 1619 11
971 1637 13
972 608 13
972 1700 26
972 1731 26
973 944 9
973 1743 2
973 1797 28
974 1104 3
974 1787 9
975 189 26
975 611 27
975 1746 19
976 812 1
976 903 1
976 1152 14
976 1790 28
976 1965 30
977 1553 12
978 510 24
978 813 7
978 931 8
980 449 24
980 1141 23
980 1270 3
981 289 24
981 414 24
981 491 18
981 943 21
981 1045 25
981 1703 17
982 827 23
982 1709 7
982 1801 29
983 247 18
983 1168 24
983 1445 30
983 1686 19
983 1776 22
983 1803 2
984 690 20
985 225 17
985 583 20
985 1374 8
985 1955 9
986 174 21
986 1589 21
987 990 7
987 1256 20
988 235 24
989 2 22
989 101 19
989 401 23
989 1548 15
989 1593 11
989 1716 26
990 1457 30
990 1478 4
990 1869 13
991 1328 20
991 1644 20
991 1883 22
993 1753 12
994 488 26
994 526 20
994 635 22
994 821 12
994 920 19
994 1008 2
994 1138 25
995 470 13
995 533 21
995 643 11
996 230 2
996 398 28
996 638 19
996 1462 14
996 1943 11
997 578 17
997 851 26
997 1822 4
998 649 30
998 686 14
998 1734 19
999 1087 6
999 1490 16
999 1729 14
1000 664 5
1000 908 12
1000 1773 18
1001 311 16
1001 469 1
1003 90 1
1003 676 20
1003 1620 19
1005 826 21
1005 1248 11
1005 1615 30
1005 1882 1
1006 212 4
1006 805 24
1006 1087 5
1006 1346 25
1007 1253 26
1007 1654 29
1008 1566 14
1009 850 6
1009 1242 12
1009 1278 24
1010 84 15
1010 158 29
1011 500 20
1011 1241 14
1011 1930 12
1012 1199 8
1012 1221 12
1012 1891 20
1013 787 13
1013 1083 8
1013 1855 1
1013 1878 30
1014 790 24
1014 1195 1
1014 1516 23
1014 1834 13
1015 272 19
1015 288 5
1015 1690 15
1015 1782 10
1015 1806 5
1016 1818 18
1016 1863 25
1017 82 2
1017 938 4
1018 183 20
1018 622 30
1019 596 18
1019 950 18
1019 1141 3
1019 1501 11
1020 180 2
1020 484 2
1020 1164 30
1020 1776 7
1021 628 5
1021 652 7
1021 1090 18
1021 1115 24
1021 1490 11
1021 1711 18
1022 475 24
1022 1620 3
1023 174 11
1023 443 25
1024 713 25
1024 808 15
1024 1589 5
1024 1987 29
1025 383 29
1025 730 15
1025 1554 3
1026 1536 8
1027 791 9
1027 952 4
1027 1286 12
1028 614 21
1028 1291 25
1028 1708 29
1028 1777 8
1029 1049 28
1029 1631 1
1030 701 1
1030 708 29
1030 884 1
1030 1408 7
1030 1516 3
1030 1549 29
1030 1735 17
1030 1856 27
1030 1969 2
1031 787 4
1031 1565 20
1032 1031 4
1032 1767 6
1033 583 6
1033 1543 28
1034 559 20
1034 565 11
1034 1254 26
1035 214 10
1035 594 17
1035 1257 20
1036 544 9
1036 747 25
1036 1708 16
1037 455 20
1037 1047 7
1037 1564 10
1037 1634 10
1038 216 14
1038 1211 7
1038 1241 11
1038 1425 14
1038 1696 5
1038 1934 3
1039 664 13
1039 1892 30
1040 727 23
1040 1160 21
1040 1966 26
1041 1666 24
1041 1782 16
1042 512 7
1042 590 27
1042 766 21
1043 111 13
1043 920 24
1043 1112 2
1043 1852 15
1044 175 11
1044 639 3
1044 1154 1
1044 1315 1
1045 81 11
1045 785 17
1045 1065 16
1045 1140 23
1045 1591 24
1046 1151 25
1046 1240 2
1047 47 29
1047 188 24
1047 1021 12
1047 1141 5
1047 1291 20
1048 207 14
1048 645 17
1048 665 19
1048 691 29
1048 1154 29
1048 1201 6
1048 1992 22
1049 34 14
1049 173 13
1049 374 11
1049 545 26
1049 1094 17
1049 1508 4
1050 77 27
1050 1132 23
1050 1446 7
1051 834 21
1051 1665 23
1052 1361 7
1053 724 1
1053 1028 1
1053 1274 14
1053 1904 23
1054 685 24
1054 1057 8
1054 1251 17
1054 1497 23
1054 1622 23
1054 1634 28
1055 524 27
1055 954 13
1055 1210 4
1055 1721 5
1055 1766 1
1056 104 2
1056 1326 3
1056 1484 29
1056 1754 15
1057 407 8
1057 421 3
1057 769 25
1057 991 3
1057 1698 11
1058 210 21
1058 337 21
1058 912 3
1058 980 27
1059 612 11
1059 636 17
1059 667 25
1059 1246 3
1060 376 17
1060 1521 8
1060 1983 18
1061 354 3
1061 464 7
1062 342 26
1062 1303 17
1062 1441 30
1062 1484 23
1062 1893 13
1062 1934 4
1063 46 18
1063 487 9
1063 1776 4
1064 502 11
1064 1264 3
1064 1638 24
1064 1866 26
1065 1020 2
1066 269 26
1066 998 12
1066 1049 4
1067 672 6
1067 841 24
1067 943 16
1068 77 30
1068 1842 20
1069 1138 18
1070 1688 16
1071 146 14
1071 634 12
1071 862 3
1071 1746 13
1072 706 29
1072 1439 5
1072 1759 20
1072 1839 24
1073 40 21
1073 1302 19
1074 659 9
1074 1965 25
1075 1386 22
1076 345 18
1076 1043 25
1076 1494 17
1076 1942 29
1077 863 19
1077 1025 3
1077 1689 16
1078 62 20
1078 290 28
1078 444 27
1078 647 15
1078 935 26
1078 1769 13
1079 97 30
1079 830 25
1079 1549 2
1080 1 17
1080 175 3
1080 649 8
1080 669 28
1080 739 5
1080 1560 20
1081 285 19
1081 1111 1
1082 586 1
1082 1647 4
1083 31 13
1083 442 11
1083 916 4
1084 646 29
1084 753 24
1084 1368 22
1084 1629 15
1084 1916 3
1085 241 20
1085 1800 25
1086 377 5
1086 515 5
1086 1128 14
1086 1838 24
1088 717 23
1088 1583 28
1089 322 19
1089 458 5
1089 1123 19
1090 559 6
1090 594 29
1090 783 5
1090 1679 8
1090 1919 28
1091 1392 24
1091 1445 4
1091 1468 9
1091 1753 12
1092 1389 26
1093 741 10
1093 1557 8
1094 87 30
1094 821 12
1094 1585 11
1095 897 20
1096 1637 6
1096 1877 2
1098 421 4
1098 1074 8
1098 1106 13
1098 1262 20
1099 89 4
1099 1241 9
1099 1913 3
1100 915 27
1100 955 2
1100 1472 22
1101 780 8
1101 1542 28
1102 505 10
1102 1527 5
1102 1795 18
1103 464 6
1103 767 12
1103 1467 7
1103 1561 29
1103 1783 7
1104 685 16
1104 1989 3
1105 508 24
1105 1031 17
1105 1274 2
1105 1998 23
1106 206 28
1106 1835 12
1106 1911 12
1106 1949 25
1107 225 14
1107 441 7
1107 723 24
1107 1264 26
1109 608 26
1109 1308 27
1109 1457 27
1110 1097 20
1112 361 16
1112 1082 28
1114 538 11
1114 1146 23
1115 101 17
1115 733 12
1115 1084 19
1115 1408 27
1115 1718 17
1116 330 22
1116 892 3
1116 1552 7
1117 546 28
1117 1583 10
1117 1604 1
1117 1718 21
1118 206 26
1118 1063 2
1118 1599 5
1119 1019 16
1119 1840 14
1120 433 8
1120 596 10
1120 1756 19
1121 257 14
1121 969 4
1121 1266 6
1121 1407 1
1121 1438 22
1121 1763 2
1121 1809 12
1122 497 7
1122 1176 21
1123 268 22
1123 803 21
1123 1175 30
1124 205 25
1125 221 9
1126 240 26
1126 1016 11
1126 1195 30
1126 1681 28
1127 317 9
1127 739 27
1127 793 8
1127 1390 10
1127 1493 9
1127 1508 25
1127 1831 11
1128 405 13
1128 1511 10
1128 1873 16
1129 654 20
1129 1491 12
1130 144 4
1130 317 25
1130 816 7
1130 1374 2
1131 423 17
1131 497 28
1131 1024 3
1131 1682 28
1132 96 5
1132 591 16
1132 1752 11
1132 1884 25
1132 1932 15
1133 546 5
1133 1921 4
1134 8 2
1134 1072 7
1134 1159 3
1134 1406 29
1134 1990 16
1135 757 22
1135 990 28
1135 1185 25
1135 1679 22
1136 1472 15
1136 1907 27
1138 1680 5
1139 483 16
1139 1277 5
1140 204 16
1140 1045 27
1140 1936 30
1141 167 3
1141 277 25
1141 313 1
1141 1351 19
1141 1818 23
1142 233 26
1142 630 9
1142 1223 19
1144 112 11
1144 622 19
1144 1555 5
1144 1792 17
1144 1853 16
1145 465 30
1145 578 18
1145 685 22
1145 1145 25
1146 32 8
1146 522 7
1146 575 16
1146 1152 28
1146 1428 23
1147 700 7
1147 1595 12
1148 877 12
1149 789 3
1150 753 19
1151 87 16
1151 1249 11
1152 778 8
1152 1746 15
1153 1120 13
1153 1816 2
1154 15 8
1154 344 23
1154 345 16
1154 686 25
1154 702 23
1154 1842 4
1154 1918 5
1155 783 12
1155 970 9
1156 208 13
1156 373 27
1156 962 30
1157 158 30
1157 448 10
1157 1789 24
1158 526 7
1158 555 17
1158 999 9
1158 1389 26
1159 162 1
1159 1088 8
1160 680 7
1160 1010 4
1160 1127 2
1161 159 18
1161 315 19
1161 602 12
1161 1487 25
1161 1619 26
1162 4 16
1162 377 26
1164 38 25
1164 899 1
1164 1033 12
1165 392 19
1165 417 23
1165 1305 15
1166 390 15
1166 447 26
1166 946 15
1168 1182 27
1168 1470 14
1168 1618 15
1169 324 26
1169 744 24
1169 967 30
1169 1906 24
1170 416 2
1170 1317 1
1170 1802 12
1171 101 2
1171 495 8
1172 87 18
1172 352 6
1172 382 1
1174 114 5
1174 569 16
1175 1326 5
1175 1960 21
1176 342 3
1178 37 12
1178 1007 17
1178 1590 27
1178 1838 12
1179 17 28
1179 645 15
1179 1220 27
1179 1269 4
1180 1084 29
1181 1314 14
1181 1858 11
1181 1967 25
1182 213 28
1182 338 17
1182 388 12
1182 1497 21
1183 368 16
1183 896 28
1183 898 14
1183 1893 16
1184 369 9
1184 1608 15
1184 1680 15
1184 1932 18
1185 101 12
1185 455 16
1185 679 15
1185 1196 28
1185 1858 12
1186 219 5
1186 243 30
1186 589 23
1186 655 21
1186 1262 19
1187 281 27
1187 385 10
1187 411 3
1187 528 23
1188 942 6
1188 1259 24
1188 1289 6
1189 380 16
1189 857 10
1189 1012 25
1189 1771 2
1190 1722 22
1191 76 7
1191 728 9
1191 1562 11
1191 1711 20
1191 1754 25
1192 848 11
1192 965 27
1192 1535 1
1192 1630 28
1193 1621 8
1193 1677 8
1193 1989 4
1194 939 27
1195 667 19
1195 1191 9
1195 1830 19
1196 87 12
1196 99 21
1196 353 7
1196 631 8
1196 667 23
1197 695 1
1197 713 22
1198 672 28
1198 858 24
1199 1434 19
1199 1564 5
1199 1982 4
1200 50 14
1200 1630 28
1201 354 17
1201 498 20
1201 1324 6
1202 425 27
1202 648 2
1202 704 22
1202 1210 29
1202 1304 28
1202 1704 23
1203 259 26
1203 1703 5
1204 1489 22
1204 1647 22
1204 1937 24
1206 1504 11
1207 1020 22
1207 1357 12
1207 1371 22
1208 862 4
1208 1095 10
1209 1969 29
1210 162 26
1210 1142 2
1210 1464 12
1211 669 15
1211 1533 26
1212 247 30
1212 423 19
1213 648 21
1213 850 13
1213 876 8
1213 1485 7
1213 1759 25
1214 330 6
1214 620 25
1214 880 26
1214 1350 27
1214 1451 15
1215 170 23
1215 358 11
1215 474 10
1215 1384 19
1215 1723 3
1216 1885 23
1217 118 12
1217 421 5
1217 1385 14
1218 364 15
1218 936 26
1218 1761 18
1218 1799 24
1219 26 16
1219 331 5
1219 379 18
1219 723 27
1219 878 20
1221 467 13
1221 1797 26
1225 1177 30
1225 1568 25
1226 898 1
1226 1124 30
1226 1725 23
1226 1732 25
1227 455 5
1227 543 17
1227 1496 20
1227 1818 23
1228 938 1
1228 943 12
1228 962 26
1228 1196 2
1229 94 30
1229 1307 20
1230 1170 17
1230 1552 4
1230 1903 24
1231 386 30
1231 718 18
1231 881 19
1231 1336 9
1231 1857 4
1232 594 26
1232 1881 14
1233 56 21
1233 344 22
1233 1052 25
1233 1602 25
1234 268 9
1234 1771 16
1234 1932 19
1234 1958 9
1235 129 15
1235 132 11
1235 355 3
1235 435 11
1235 592 19
1235 1096 14
1235 1796 4
1236 502 11
1236 1360 17
1236 1988 29
1237 564 4
1237 1965 9
1238 1408 18
1239 81 20
1239 347 12
1239 1984 3
1240 918 12
1240 1152 29
1240 1689 21
1241 340 20
1241 686 24
1241 1048 8
1242 121 25
1242 1995 6
1243 444 29
1244 397 11
1244 889 30
1244 1063 29
1245 1393 27
1245 1602 10
1246 560 8
1246 748 3
1246 981 20
1246 1329 2
1247 30 14
1247 214 30
1247 1684 8
1248 833 17
1248 1398 10
1249 704 24
1249 1269 7
1249 1652 6
1249 1892 2
1250 251 16
1250 334 25
1250 1319 13
1251 53 18
1251 468 28
1251 1035 4
1251 1192 30
1252 711 18
1252 881 19
1252 1015 7
1252 1305 4
1252 1427 25
1253 366 27
1253 1003 15
1253 1484 24
1254 1079 25
1254 1978 3
1255 819 26
1255 1003 24
1255 1468 5
1255 1981 7
1256 685 26
1256 783 18
1256 1437 7
1257 314 25
1257 654 26
1257 967 8
1257 1297 18
1257 1405 24
1257 1573 13
1257 1724 20
1258 1536 9
1259 1391 30
1259 1428 24
1259 1915 26
1261 110 27
1261 146 27
1261 332 25
1261 556 6
1261 679 16
1261 889 23
1261 1580 10
1261 1933 10
1262 566 19
1262 996 24
1262 1987 25
1263 246 14
1263 265 26
1263 962 20
1263 1925 29
1263 1972 22
1264 421 19
1264 461 16
1264 1108 2
1265 689 25
1265 698 10
1265 1401 27
1266 205 24
1266 975 28
1266 1700 21
1266 1955 7
1267 282 17
1267 756 21
1267 1633 28
1268 34 2
1268 455 17
1268 1387 16
1268 1429 29
1269 325 3
1270 1474 22
1270 1824 6
1271 122 18
1271 1387 1
1273 163 7
1273 811 6
1274 50 16
1274 318 23
1274 809 11
1274 821 3
1274 1047 13
1274 1291 10
1274 1665 24
1275 533 23
1275 793 17
1275 1353 17
1276 1979 17
1277 324 27
1277 1296 14
1277 1683 10
1278 654 24
1278 714 26
1278 852 8
1278 1713 2
1278 1843 16
1279 101 27
1279 315 3
1279 1273 24
1279 1774 13
1280 4 23
1281 122 19
1281 1727 4
1281 1868 28
1281 1970 6
1282 120 26
1282 1023 26
1282 1156 3
1282 1600 3
1283 198 19
1283 584 6
1283 1374 5
1284 167 23
1284 788 7
1284 851 20
1284 1401 15
1284 1888 23
1285 783 7
1285 1122 1
1286 639 19
1287 353 12
1287 1712 2
1288 329 4
1288 1759 29
1289 386 2
1289 409 27
1289 881 6
1289 1524 28
1290 381 22
1291 663 30
1291 1857 10
1292 292 6
1292 658 10
1292 674 5
1292 1184 26
1293 266 7
1293 347 22
1293 395 21
1293 680 1
1293 1863 24
1294 158 9
1294 1131 6
1295 660 20
1295 1473 1
1295 1595 12
1295 1658 2
1295 1774 7
1296 662 27
1297 703 8
1297 750 7
1297 872 7
1297 931 11
1297 1072 1
1297 1080 3
1298 33 9
1298 399 24
1299 1207 29
1299 1370 14
1299 1533 21
1299 1716 12
1300 1114 5
1300 1228 23
1300 1538 18
1300 1550 6
1301 62 19
1301 223 13
1301 452 12
1301 1753 11
1302 807 25
1302 1964 13
1303 65 26
1303 441 26
1303 657 10
1304 1100 16
1304 1282 26
1304 1513 14
1304 1800 17
1305 114 25
1305 653 10
1305 1196 16
1305 1333 23
1305 1434 16
1305 1712 18
1306 196 23
1306 584 10
1306 1164 26
1307 314 16
1307 325 9
1308 1199 1
1309 103 29
1309 751 12
1310 1307 28
1311 325 21
1313 1615 29
1314 193 3
1314 466 1
1316 199 3
1316 1149 7
1316 1660 11
1317 723 28
1317 751 11
1317 1365 29
1317 1756 15
1318 512 20
1318 851 14
1318 1499 10
1318 1656 3
1319 336 22
1319 573 26
1319 1594 4
1320 839 29
1321 983 19
1321 1433 12
1322 94 16
1322 394 11
1322 649 21
1322 784 3
1322 818 19
1322 1088 21
1322 1647 3
1322 1998 17
1323 979 3
1323 1677 22
1324 274 29
1324 758 1
1324 966 25
1324 1087 21
1324 1463 26
1324 1657 1
1324 1776 24
1324 1890 15
1325 141 11
1325 1763 22
1327 713 29
1327 1979 22
1329 1221 27
1329 1903 30
1329 1920 17
1330 491 18
1331 77 26
1331 506 20
1331 929 8
1331 1386 14
1332 6 23
1332 53 23
1332 1070 16
1332 1532 14
1332 1601 17
1332 1863 26
1333 325 4
1333 519 19
1333 550 4
1333 969 28
1333 1438 3
1334 191 24
1334 382 21
1334 1158 27
1334 1377 15
1335 6 16
1335 1502 19
1335 1665 8
1335 1761 30
1335 1815 21
1336 127 29
1336 242 20
1337 31 12
1337 747 25
1338 148 19
1338 310 28
1338 936 4
1338 1766 6
1338 1925 10
1338 1956 11
1339 1110 19
1339 1213 2
1340 871 25
1340 1637 27
1341 357 7
1341 1513 11
1342 240 22
1343 479 3
1343 1033 21
1343 1277 26
1344 155 30
1344 1868 23
1344 1954 19
1345 174 20
1345 1751 11
1346 579 25
1346 1177 27
1346 1230 29
1347 570 2
1347 1681 18
1348 868 11
1348 948 22
1348 1097 7
1349 420 23
1349 1036 16
1349 1062 18
1349 1488 12
1349 1835 11
1350 506 23
1350 553 13
1350 598 13
1350 911 4
1350 1290 15
1350 1811 29
1351 180 30
1351 1785 13
1352 229 9
1352 1201 13
1352 1330 15
1352 1928 22
1353 51 30
1353 271 7
1353 598 6
1354 1931 11
1355 163 26
1355 691 9
1355 1067 5
1355 1463 23
1355 1626 7
1355 1772 7
1355 1898 10
1356 188 10
1356 1309 28
1357 1515 9
1357 1825 2
1359 1973 6
1360 10 26
1360 258 5
1360 1240 8
1360 1988 18
1361 279 18
1361 827 21
1361 1049 21
1361 1181 24
1361 1365 11
1362 772 12
1362 1891 6
1363 563 12
1363 804 25
1363 1661 21
1363 1904 3
1364 1358 24
1364 1904 19
1365 332 30
1365 651 26
1365 906 14
1365 1790 8
1366 1456 1
1367 1062 28
1367 1483 7
1368 81 7
1368 1434 30
1369 407 16
1369 817 26
1370 2 8
1370 749 9
1370 1234 23
1370 1257 3
1371 159 13
1371 839 1
1371 1096 12
1371 1155 30
1372 273 13
1372 431 3
1372 1647 23
1373 795 23
1373 1154 6
1374 1595 21
1374 1610 26
1375 860 22
1375 1595 3
1375 1615 20
1375 1877 8
1376 460 21
1376 658 20
1376 765 3
1377 331 26
1377 398 27
1377 674 3
1377 1236 24
1377 1638 25
1377 1769 1
1377 1966 23
1378 217 10
1378 894 19
1378 1244 22
1379 141 18
1379 707 11
1379 1029 24
1379 1167 23
1380 166 3
1380 1793 27
1381 279 14
1381 335 7
1381 527 21
1381 570 29
1381 1385 22
1382 430 27
1382 736 19
1382 1217 17
1383 834 18
1383 1193 21
1383 1586 7
1384 207 25
1384 215 3
1384 1596 18
1384 1939 28
1385 147 28
1385 293 14
1385 367 22
1385 428 21
1385 1508 1
1385 1750 23
1386 1445 5
1386 1638 2
1386 1941 11
1387 370 26
1387 930 12
1387 1173 13
1387 1930 11
1389 1270 4
1390 1021 8
1390 1677 8
1391 184 17
1391 442 14
1391 834 28
1391 863 15
1391 1325 5
1391 1394 24
1392 12 25
1392 384 14
1392 1858 4
1393 30 7
1393 302 20
1393 336 28
1393 1918 9
1394 1007 29
1394 1502 17
1394 1950 7
1395 120 4
1395 593 9
1395 758 27
1396 414 4
1396 717 23
1396 1683 2
1397 387 6
1397 489 25
1397 588 19
1397 1054 17
1397 1073 7
1398 365 30
1398 1095 12
1398 1719 6
1399 1765 7
1399 1767 28
1399 1829 20
1400 391 26
1400 1281 5
1400 1469 16
1401 776 12
1402 933 29
1403 199 29
1404 172 15
1404 753 28
1404 775 10
1404 877 4
1404 1215 6
1405 1248 8
1405 1522 13
1405 1746 12
1406 284 12
1406 673 13
1406 1727 1
1407 684 7
1407 1310 5
1407 1745 2
1408 304 12
1409 717 21
1409 1482 12
1409 1871 20
1410 1149 19
1411 589 11
1411 635 1
1411 1286 25
1411 1376 9
1411 1809 29
1412 983 14
1412 1574 27
1412 1613 25
1412 1789 21
1413 625 8
1413 762 15
1414 181 20
1414 822 22
1414 897 12
1414 1085 21
1414 1272 17
1417 78 18
1417 239 21
1417 891 29
1418 1328 21
1418 1916 24
1419 1479 11
1420 981 21
1420 1121 30
1420 1472 7
1421 1486 14
1422 132 12
1422 268 27
1422 1260 26
1422 1471 23
1423 659 16
1423 1900 28
1424 823 24
1424 961 10
1424 1796 29
1425 166 14
1425 913 15
1425 939 25
1425 1503 8
1425 1763 5
1426 205 24
1426 249 14
1426 1589 16
1426 1713 7
1427 648 18
1427 1026 7
1428 102 23
1428 1005 5
1428 1253 19
1428 1501 22
1428 1703 25
1429 1023 12
1429 1071 24
1429 1595 8
1430 368 11
1430 570 1
1431 500 21
1431 789 14
1431 1686 27
1431 1750 16
1432 43 7
1432 709 4
1432 1872 14
1433 1187 22
1433 1573 5
1433 1996 4
1434 245 5
1434 1112 19
1434 1151 28
1434 1174 4
1434 1321 24
1435 1031 13
1435 1145 17
1435 1710 1
1436 443 19
1436 654 4
1436 711 29
1436 1008 11
1436 1995 30
1437 1277 17
1438 578 24
1439 630 17
1439 1248 20
1439 1305 10
1439 1314 24
1440 1000 1
1441 317 10
1441 892 14
1441 1023 6
1441 1775 28
1442 154 22
1442 701 4
1443 1634 2
1443 1755 27
1443 1790 25
1443 1921 6
1444 1124 30
1444 1389 21
1445 817 17
1445 1550 19
1446 246 24
1446 677 2
1447 919 1
1447 1067 3
1448 802 2
1449 547 19
1449 588 28
1449 683 1
1449 985 21
1449 1962 28
1450 107 17
1450 1693 7
1450 1999 6
1451 500 7
1451 1406 16
1452 200 21
1452 1681 29
1453 267 25
1453 710 26
1453 1765 26
1454 471 14
1454 1776 17
1455 152 22
1455 203 15
1455 462 13
1455 540 16
1455 1682 13
1456 1521 4
1456 1960 7
1457 1002 29
1458 8 22
1458 1053 22
1459 468 30
1459 938 22
1459 961 24
1459 1115 1
1459 1735 2
1460 363 22
1460 1101 23
1460 1556 23
1460 1586 11
1460 1706 2
1461 1249 21
1462 474 8
1463 681 30
1463 744 6
1463 836 28
1463 1015 20
1463 1205 22
1463 1965 15
1464 219 15
1464 326 5
1464 1103 24
1464 1468 28
1464 1875 12
1465 780 6
1465 1037 14
1465 1289 24
1465 1779 2
1465 1971 12
1466 945 14
1467 1025 23
1468 693 25
1468 767 5
1468 992 7
1469 1292 19
1469 1855 27
1470 331 8
1470 511 2
1470 514 20
1471 115 22
1471 509 12
1471 734 21
1471 1848 12
1472 1044 11
1472 1260 20
1472 1886 17
1473 257 8
1474 445 9
1474 472 8
1474 553 14
1474 562 15
1474 1502 5
1475 123 7
1475 1420 13
1475 1792 16
1476 409 5
1476 819 18
1476 900 1
1476 918 6
1476 1538 21
1477 1077 14
1477 1399 28
1478 1555 15
1478 1897 10
1479 398 26
1479 601 25
1479 829 6
1479 1753 4
1479 1925 26
1480 212 25
1480 1470 25
1481 165 29
1481 216 7
1481 400 29
1481 814 9
1481 1013 18
1481 1149 7
1481 1479 8
1482 137 18
1483 695 15
1483 1377 22
1483 1440 3
1484 1131 11
1485 440 28
1485 1734 7
1486 929 26
1486 1110 24
1486 1157 16
1487 686 18
1487 981 29
1487 1023 28
1487 1493 23
1487 1750 19
1488 465 4
1488 532 2
1488 1327 14
1489 112 29
1489 415 7
1489 428 9
1489 782 16
1489 1037 24
1489 1991 26
1490 1435 15
1491 126 30
1491 696 24
1492 951 15
1492 960 18
1492 1064 30
1492 1451 23
1492 1960 5
1493 435 6
1493 746 6
1494 321 29
1494 1339 16
1494 1580 25
1494 1781 27
1495 1451 3
1495 1745 19
1495 1863 4
1497 231 20
1497 525 9
1497 695 1
1497 1104 12
1498 100 27
1498 920 5
1498 1266 13
1498 1785 3
1499 185 3
1499 223 12
1499 270 11
1499 1347 10
1500 69 5
1500 187 6
1500 225 16
1500 706 4
1500 1198 21
1500 1267 1
1500 1656 13
1500 1668 21
1500 1885 15
1501 860 18
1502 1649 18
1503 105 20
1503 452 8
1503 875 26
1503 1101 6
1504 1722 27
1505 542 28
1505 1883 24
1506 426 30
1506 762 10
1507 194 3
1507 1737 1
1508 1280 13
1510 1086 21
1511 136 27
1511 434 26
1511 1559 23
1512 41 21
1512 131 29
1512 683 26
1512 974 30
1512 1598 3
1512 1807 23
1512 1936 16
1513 752 6
1513 1113 14
1513 1423 8
1513 1979 11
1514 109 26
1514 693 22
1514 1227 20
1515 459 13
1515 1938 3
1516 140 27
1516 324 8
1517 177 8
1517 511 15
1517 886 28
1517 963 24
1517 1045 15
1518 592 7
1518 1736 26
1518 1864 7
1519 86 19
1519 1459 8
1520 1230 3
1521 52 6
1521 640 23
1521 1642 23
1522 166 4
1522 198 18
1522 711 14
1522 1142 28
1523 683 10
1523 1767 29
1523 1824 4
1523 1878 23
1524 825 6
1524 1900 14
1525 147 18
1525 397 19
1525 617 3
1525 681 23
1525 1284 21
1525 1295 21
1525 1442 22
1526 204 29
1527 1295 6
1527 1878 19
1528 650 14
1529 1214 12
1529 1658 17
1531 120 1
1531 1686 18
1531 1807 28
1532 237 8
1532 476 12
1532 1520 25
1532 1666 30
1532 1751 26
1533 824 21
1533 1140 17
1533 1446 9
1534 1030 18
1534 1040 19
1534 1089 30
1534 1616 13
1535 531 11
1535 895 5
1535 1212 26
1535 1945 21
1536 592 24
1536 1724 20
1536 1961 5
1537 856 6
1537 917 3
1537 1008 26
1538 1423 26
1539 387 30
1539 1611 7
1539 1647 9
1540 410 11
1540 573 23
1540 1221 9
1541 630 20
1541 669 12
1542 129 17
1542 297 1
1542 306 7
1542 1171 8
1542 1504 26
1543 1044 19
1544 1522 17
1544 1876 26
1544 1986 6
1545 276 5
1545 1058 25
1545 1178 19
1545 1401 15
1545 1619 22
1545 1934 6
1546 93 27
1546 1622 15
1547 1114 26
1548 517 1
1548 671 12
1548 1544 20
1548 1942 19
1549 224 8
1549 698 19
1549 790 25
1549 1316 8
1549 1907 29
1550 385 9
1550 1066 17
1550 1252 18
1550 1558 13
1550 1633 25
1550 1726 10
1550 1730 11
1550 1828 24
1551 271 27
1553 708 29
1553 1461 10
1554 425 22
1555 118 4
1555 1125 14
1556 676 17
1557 303 22
1557 860 21
1558 11 8
1558 442 20
1558 519 17
1558 1189 14
1558 1781 15
1559 1697 10
1560 472 17
1560 1718 26
1560 1822 28
1561 139 16
1561 898 14
1562 510 14
1562 1376 24
1563 178 12
1563 447 14
1563 1803 2
1564 817 21
1564 1427 26
1564 1567 18
1564 1922 22
1565 905 6
1565 1068 11
1565 1978 18
1566 653 4
1566 1048 21
1566 1538 1
1566 1668 30
1566 1788 4
1567 76 17
1568 746 21
1568 1841 16
1569 861 16
1569 1070 2
1569 1191 25
1570 669 21
1572 512 16
1572 1024 4
1573 965 8
1574 1455 11
1574 1560 23
1574 1599 23
1575 993 16
1576 210 28
1576 800 8
1576 876 27
1576 1783 11
1578 225 9
1578 1667 9
1579 563 7
1579 573 26
1579 1739 30
1580 891 12
1580 1514 7
1581 84 17
1581 720 8
1581 1045 19
1581 1588 18
1582 506 7
1582 555 14
1582 755 26
1582 1743 19
1582 1867 30
1583 106 4
1583 867 21
1583 1453 24
1584 513 24
1584 700 28
1584 854 19
1584 1037 23
1584 1573 1
1585 1314 11
1585 1552 8
1585 1974 16
1585 1998 8
1586 839 15
1586 1492 13
1587 1282 18
1587 1453 16
1588 84 13
1588 1400 16
1588 1426 11
1589 385 13
1589 541 28
1589 1389 9
1589 1731 21
1590 582 5
1590 829 27
1590 1304 30
1590 1521 3
1591 932 11
1591 1095 26
1591 1279 21
1591 1557 10
1592 388 21
1592 852 11
1592 914 25
1592 1207 6
1592 1554 9
1593 157 13
1593 1479 29
1594 51 9
1594 680 23
1594 1004 6
1594 1221 24
1594 1685 22
1594 1816 12
1595 818 28
1595 893 1
1596 525 27
1596 701 11
1596 1655 17
1597 1211 30
1598 1157 15
1598 1612 6
1599 162 8
1599 392 27
1599 446 2
1599 958 27
1599 980 27
1600 920 4
1600 958 7
1601 393 14
1601 688 24
1601 1129 8
1601 1265 4
1601 1316 5
1601 1417 2
1601 1606 9
1601 1983 5
1602 239 14
1602 414 29
1602 1703 13
1603 26 28
1603 747 26
1604 284 28
1604 515 19
1604 770 8
1604 1019 18
1604 1495 11
1604 1752 4
1604 1844 28
1604 1849 19
1605 2 25
1605 1326 4
1605 1481 24
1605 1986 3
1606 872 30
1606 1604 25
1607 257 29
1607 1146 26
1607 1673 20
1608 79 27
1608 748 1
1609 860 14
1609 1998 26
1610 1056 4
1610 1248 10
1610 1920 19
1611 442 5
1611 1975 6
1612 255 2
1612 1136 3
1612 1419 18
1613 310 21
1613 1204 29
1613 1403 7
1614 192 1
1614 1925 28
1615 19 24
1615 597 11
1615 722 23
1615 1026 13
1615 1764 30
1616 1138 18
1616 1276 8
1616 1970 15
1617 154 12
1617 355 8
1617 895 10
1617 1218 2
1617 1545 25
1618 390 21
1618 513 28
1618 1248 26
1619 26 4
1619 46 15
1619 1254 21
1619 1274 5
1619 1575 3
1620 84 25
1620 274 10
1620 593 26
1620 827 20
1620 1519 19
1621 192 16
1621 1342 10
1621 1514 26
1622 56 16
1623 81 7
1623 1150 11
1623 1754 18
1625 662 29
1626 525 24
1626 639 9
1626 836 16
1626 887 23
1626 1066 24
1627 233 19
1627 820 30
1627 1742 25
1628 375 20
1628 896 17
1628 1239 15
1628 1389 9
1628 1714 12
1629 42 11
1629 572 23
1629 606 2
1629 994 7
1629 1137 25
1629 1481 19
1629 1785 17
1630 726 12
1630 1634 30
1630 1661 5
1631 566 27
1631 600 9
1632 744 22
1633 1698 4
1634 1864 15
1636 178 25
1636 248 14
1636 273 5
1636 588 18
1636 1667 14
1637 251 13
1637 446 10
1637 521 7
1637 835 1
1637 1323 2
1638 455 23
1638 890 21
1638 1773 18
1639 132 30
1639 558 29
1639 1285 21
1639 1335 10
1640 95 22
1640 316 14
1640 1177 8
1640 1255 8
1640 1806 2
1641 150 24
1641 289 20
1641 900 23
1641 1009 21
1641 1248 8
1641 1510 1
1642 522 4
1642 752 4
1642 1388 7
1642 1849 28
1643 135 17
1643 258 12
1643 442 7
1643 670 30
1643 1738 24
1643 1741 9
1644 330 29
1644 1101 24
1644 1478 10
1644 1808 13
1645 518 14
1646 1604 19
1646 1806 12
1647 810 13
1647 913 9
1647 1909 13
1648 147 26
1648 794 22
1648 950 21
1648 1156 25
1648 1464 16
1649 328 6
1649 575 14
1650 158 8
1650 235 26
1650 704 14
1650 855 1
1650 897 30
1651 886 17
1651 1993 7
1652 146 27
1652 662 25
1652 1549 18
1652 1557 4
1652 1626 16
1654 1511 11
1655 419 12
1655 1203 6
1655 1315 27
1655 1554 13
1655 1756 19
1656 740 10
1656 1069 1
1656 1466 30
1656 1683 14
1656 1804 9
1657 193 5
1657 425 1
1657 470 22
1657 779 25
1658 530 26
1658 553 7
1658 1091 30
1658 1361 9
1658 1436 7
1658 1474 18
1658 1920 14
1659 743 7
1659 982 17
1659 1649 30
1660 26 5
1660 142 5
1660 404 16
1660 1559 23
1660 1568 30
1661 1466 24
1661 1888 25
1662 162 11
1662 1162 29
1663 1114 21
1664 388 23
1664 444 17
1664 1213 23
1664 1636 15
1664 1901 9
1665 1497 6
1665 1881 23
1665 1887 13
1666 207 7
1666 1881 7
1667 4 29
1667 47 24
1667 780 5
1667 1084 20
1668 1147 2
1668 1215 11
1668 1303 7
1668 1405 8
1668 1743 9
1669 1260 15
1669 1419 7
1669 1439 14
1669 1852 12
1669 1924 15
1670 382 28
1670 1276 11
1670 1356 8
1671 790 14
1671 1016 22
1671 1033 6
1671 1635 5
1671 1863 6
1672 812 15
1672 1318 19
1672 1506 21
1672 1602 15
1673 149 16
1673 1279 5
1673 1395 27
1674 689 14
1674 705 3
1674 1537 17
1674 1757 7
1675 1025 8
1675 1826 28
1676 151 1
1676 631 10
1676 816 27
1676 1085 8
1676 1547 19
1676 1621 3
1677 295 6
1677 1145 24
1677 1364 14
1677 1437 20
1677 1675 13
1677 1947 25
1678 18 19
1678 230 26
1678 869 8
1679 632 25
1679 1251 30
1679 1374 5
1679 1998 1
1680 96 10
1680 308 17
1680 913 15
1680 1092 26
1680 1241 14
1680 1254 3
1680 1664 9
1681 359 16
1681 796 11
1681 1014 16
1681 1926 23
1682 347 8
1682 396 16
1682 1641 3
1683 98 4
1683 898 23
1684 315 13
1684 1230 7
1685 561 28
1686 521 28
1686 822 12
1686 1487 10
1686 1520 10
1686 1580 6
1686 1763 28
1686 1786 5
1687 1713 5
1688 332 14
1688 644 27
1689 81 10
1689 661 14
1689 761 6
1689 935 26
1689 1316 20
1689 1616 1
1689 1824 9
1690 321 22
1690 416 10
1690 1315 25
1690 1916 2
1691 70 17
1691 583 9
1691 1431 10
1691 1789 2
1692 90 3
1692 135 5
1693 400 16
1693 723 15
1693 882 3
1693 1017 13
1693 1233 12
1693 1798 15
1693 1924 22
1695 1092 21
1696 615 20
1696 1153 12
1696 1755 18
1697 40 25
1697 866 25
1698 361 14
1698 485 26
1698 505 1
1698 1114 19
1698 1218 21
1699 47 20
1699 253 20
1699 765 22
1700 259 12
1700 365 21
1701 318 8
1701 325 5
1701 755 7
1701 1801 16
1702 340 6
1703 732 8
1703 1010 19
1703 1652 11
1704 277 23
1704 498 25
1704 855 13
1706 125 27
1706 585 29
1706 807 27
1706 1321 11
1706 1770 11
1707 1487 9
1707 1629 22
1708 607 28
1708 1187 25
1709 70 8
1709 174 11
1709 356 20
1709 524 8
1709 546 22
1709 1608 2
1710 932 28
1710 1836 11
1711 321 23
1711 500 1
1711 662 1
1712 211 22
1712 986 5
1712 1742 7
1713 493 8
1713 1011 3
1713 1079 6
1715 861 18
1715 1013 13
1715 1464 28
1715 1921 4
1716 1935 17
1717 183 24
1717 1681 24
1717 1821 14
1718 1381 26
1718 1384 5
1718 1927 14
1719 285 9
1719 501 24
1720 453 8
1720 752 17
1720 1889 27
1721 432 19
1721 830 24
1721 1527 18
1721 1682 20
1722 1762 13
1722 1899 28
1723 33 5
1723 96 5
1723 284 20
1723 561 26
1723 1784 2
1724 568 26
1724 750 25
1725 218 4
1725 354 1
1725 539 4
1725 1207 16
1725 1331 20
1725 1345 8
1725 1655 24
1726 202 5
1726 784 1
1726 1404 29
1727 694 1
1727 862 27
1727 911 12
1727 1588 9
1728 274 21
1728 466 11
1728 1081 25
1728 1900 17
1729 845 29
1729 922 11
1729 1587 4
1729 1784 19
1730 1800 15
1731 1361 23
1731 1592 23
1732 110 20
1732 1416 12
1733 850 10
1734 667 21
1734 677 7
1734 698 5
1734 1087 24
1734 1753 29
1735 775 8
1735 1612 1
1738 324 18
1738 1031 7
1739 97 24
1740 30 22
1740 665 30
1741 917 23
1741 1144 14
1742 348 26
1742 662 26
1742 1218 23
1743 103 16
1743 1496 7
1743 1586 9
1744 420 24
1744 1288 5
1745 711 19
1745 746 19
1745 971 15
1745 1692 4
1746 1239 11
1746 1247 29
1746 1335 15
1746 1792 22
1747 138 9
1747 1071 5
1747 1685 20
1747 1997 13
1748 126 28
1748 1066 18
1748 1250 12
1748 1371 20
1748 1641 27
1749 597 19
1750 75 13
1750 280 19
1750 314 18
1750 925 27
1750 1447 2
1751 791 5
1751 817 23
1751 895 16
1751 1748 13
1752 458 29
1752 1259 25
1752 1366 6
1752 1701 25
1753 304 5
1754 816 17
1754 1292 10
1754 1991 30
1755 252 27
1755 310 8
1755 1346 14
1755 1545 11
1755 1714 8
1756 276 18
1756 293 30
1756 1541 12
1757 335 7
1757 926 10
1757 1635 24
1758 135 26
1758 341 6
1758 382 4
1758 803 1
1758 1279 16
1758 1619 21
1758 1831 27
1758 1859 18
1759 607 17
1759 772 19
1759 1132 3
1760 701 29
1760 1294 9
1761 492 19
1761 528 5
1761 828 4
1761 857 24
1762 363 21
1762 820 5
1762 1899 23
1762 1922 9
1763 1377 12
1764 250 7
1764 381 19
1764 1203 12
1765 158 16
1765 1062 11
1765 1464 23
1765 1665 23
1765 1701 12
1766 660 16
1766 1075 18
1766 1943 17
1767 252 19
1767 435 18
1767 1800 3
1768 753 1
1768 1415 7
1768 1539 12
1769 1001 18
1769 1689 17
1770 271 6
1770 1722 16
1771 597 26
1771 646 25
1771 1511 12
1772 382 21
1772 386 10
1772 1178 24
1772 1373 25
1772 1584 24
1772 1927 25
1773 324 28
1773 473 30
1773 683 5
1773 1198 9
1773 1772 16
1774 740 15
1774 1305 24
1776 809 30
1776 1704 18
1777 709 9
1777 1578 17
1778 881 5
1778 1490 20
1779 1369 27
1779 1573 29
1780 592 12
1781 245 3
1781 1457 2
1781 1533 21
1781 1585 19
1782 337 7
1782 1104 29
1782 1279 6
1782 1539 23
1782 1747 10
1784 332 26
1784 1152 24
1784 1707 26
1785 43 12
1785 50 18
1785 916 12
1785 1811 2
1785 1826 9
1786 52 16
1786 316 2
1786 477 16
1786 491 23
1786 1516 25
1787 786 15
1788 414 10
1788 499 26
1788 1556 2
1789 200 14
1789 301 7
1789 659 20
1789 801 4
1789 877 18
1789 1256 22
1790 270 5
1790 1566 9
1790 1582 2
1790 1833 4
1791 1121 7
1792 392 8
1792 794 18
1792 1345 8
1792 1832 25
1792 1879 4
1792 1977 25
1793 453 29
1793 478 21
1793 806 6
1794 458 22
1794 1311 21
1794 1649 22
1794 1773 15
1795 232 7
1795 234 14
1795 1418 2
1796 217 21
1796 1346 23
1798 132 27
1798 421 14
1798 577 29
1798 836 3
1799 1004 25
1799 1529 24
1800 83 12
1800 1368 16
1800 1844 21
1800 1895 20
1801 638 10
1801 656 24
1802 542 26
1802 582 17
1802 1471 3
1802 1859 26
1803 16 3
1803 1063 6
1804 909 20
1804 1618 23
1804 1686 18
1804 1953 26
1805 106 14
1805 118 9
1805 1385 9
1805 1619 29
1805 1691 15
1806 574 22
1806 1027 30
1806 1650 27
1806 1672 6
1806 1726 18
1806 1927 3
1806 1958 26
1807 382 12
1807 1074 27
1807 1222 20
1807 1527 23
1808 607 5
1808 618 10
1808 974 13
1809 325 14
1809 403 25
1809 962 30
1809 1057 22
1809 1082 27
1809 1727 25
1810 232 24
1810 561 25
1810 655 7
1810 818 17
1810 839 12
1810 1832 24
1810 1854 22
1811 513 12
1812 173 2
1812 614 20
1812 721 26
1812 1069 15
1813 528 11
1814 785 15
1815 2 20
1815 1111 28
1817 487 9
1817 927 8
1817 1446 9
1817 1799 5
1817 1874 27
1818 81 2
1818 1204 9
1818 1741 28
1819 627 6
1819 857 14
1820 781 22
1821 620 5
1821 1494 5
1821 1529 10
1822 241 22
1822 425 21
1822 825 4
1822 903 20
1822 1478 7
1822 1560 16
1822 1874 13
1823 202 28
1823 1350 27
1824 110 14
1824 358 10
1824 1039 15
1824 1644 20
1825 528 20
1825 1015 21
1825 1130 9
1825 1374 10
1826 1302 29
1826 1926 16
1827 565 18
1827 1494 25
1828 707 4
1828 1339 11
1828 1657 4
1829 515 1
1829 617 16
1829 786 9
1829 872 22
1829 1722 13
1829 1998 14
1830 13 2
1830 26 4
1830 355 4
1830 505 27
1830 1576 15
1830 1589 2
1830 1620 12
1831 253 27
1832 330 21
1832 1478 1
1832 1894 2
1833 1349 30
1833 1976 7
1834 181 21
1834 231 12
1834 1521 27
1835 84 21
1835 238 21
1835 693 17
1835 704 29
1835 1487 30
1835 1538 11
1836 51 2
1836 229 11
1836 1250 6
1837 1571 25
1837 1681 26
1837 1903 15
1838 341 8
1838 502 8
1838 1309 20
1838 1894 9
1839 46 3
1839 527 15
1840 367 28
1840 1259 17
1840 1390 16
1841 635 1
1841 1041 13
1842 1360 28
1842 1875 1
1843 92 6
1843 137 20
1843 740 29
1843 1341 26
1843 1359 1
1844 1699 17
1845 1082 9
1845 1390 13
1846 579 3
1846 966 7
1846 1858 12
1847 257 6
1849 30 30
1849 1353 22
1849 1640 3
1849 1653 24
1849 1668 18
1849 1736 17
1849 1812 2
1849 1948 17
1850 158 28
1850 767 2
1850 1996 20
1851 1930 12
1852 982 29
1852 1598 6
1852 1759 19
1853 150 30
1853 808 11
1853 1307 9
1853 1462 22
1853 1962 8
1854 331 28
1854 526 13
1854 583 4
1854 1720 20
1854 1878 29
1855 201 4
1855 978 2
1855 1937 24
1856 803 10
1856 1914 5
1857 120 29
1857 282 9
1857 538 27
1857 674 1
1858 58 25
1858 439 6
1858 445 10
1858 1160 26
1859 994 22
1860 1181 7
1861 69 19
1861 1881 3
1861 1940 11
1862 807 10
1862 1740 1
1862 1754 21
1864 1796 1
1864 1938 11
1864 1945 29
1865 316 22
1865 658 18
1865 838 26
1865 1576 4
1866 57 13
1866 682 15
1866 1459 25
1866 1476 8
1867 1484 8
1868 434 18
1868 669 17
1869 738 13
1869 1660 16
1870 644 18
1871 16 1
1871 1321 8
1871 1870 12
1872 407 6
1872 1768 9
1873 878 29
1873 1275 19
1873 1855 8
1874 466 9
1874 1287 22
1875 137 18
1875 1291 18
1876 1205 22
1876 1650 30
1877 1044 10
1878 231 24
1878 469 29
1878 998 2
1878 1413 3
1879 242 16
1879 1614 27
1880 636 8
1880 684 1
1880 1213 13
1880 1216 15
1880 1318 30
1880 1892 30
1881 190 24
1881 676 12
1881 1147 7
1881 1501 11
1881 1714 12
1881 1916 15
1882 1271 14
1882 1296 9
1883 187 15
1884 204 4
1884 276 20
1884 1691 22
1885 454 12
1885 615 3
1885 869 1
1886 1692 22
1887 755 16
1887 1590 1
1887 1680 1
1887 1809 9
1888 598 29
1888 1624 24
1889 1081 3
1889 1743 14
1890 597 13
1890 601 2
1891 200 6
1891 1272 25
1891 1383 9
1891 1913 6
1892 1201 25
1892 1335 2
1892 1474 9
1892 1582 23
1893 386 4
1893 909 13
1893 1688 7
1894 6 17
1894 15 13
1894 193 14
1894 1755 12
1895 355 2
1895 556 5
1895 1337 23
1895 1590 4
1896 521 6
1896 677 6
1896 731 19
1896 1343 6
1896 1830 29
1897 1381 19
1898 568 26
1898 1245 22
1898 1626 14
1899 995 9
1899 1286 4
1900 1353 15
1900 1784 7
1902 1041 21
1902 1828 23
1902 1988 12
1903 1003 15
1903 1138 16
1903 1309 12
1903 1341 7
1904 248 19
1904 1433 24
1905 38 6
1905 935 27
1905 1505 7
1905 1612 19
1906 1066 8
1906 1451 30
1906 1855 15
1907 279 23
1907 355 4
1907 488 20
1907 1314 20
1907 1715 14
1908 328 17
1908 1267 18
1908 1322 3
1908 1778 12
1909 351 10
1909 376 16
1909 383 21
1909 878 5
1910 931 22
1910 1475 19
1911 1240 25
1911 1611 15
1911 1747 30
1912 1173 1
1912 1310 30
1913 635 3
1913 849 30
1913 1549 11
1914 708 27
1915 1168 27
1915 1767 7
1915 1958 25
1916 976 7
1916 1036 7
1916 1427 24
1916 1788 21
1917 687 29
1917 1010 19
1917 1164 11
1917 1239 10
1918 163 3
1918 865 27
1918 1103 28
1918 1614 5
1919 271 1
1919 805 29
1919 1969 12
1920 189 21
1920 960 25
1920 977 3
1920 1928 1
1921 341 20
1921 820 9
1921 1031 30
1921 1079 12
1922 983 9
1922 1272 24
1922 1675 3
1922 1745 11
1923 481 20
1923 649 29
1923 1626 17
1923 1701 6
1923 1829 5
1924 208 15
1924 1315 22
1924 1405 26
1924 1863 5
1924 1994 10
1925 1823 28
1925 1985 15
1926 565 12
1926 1630 16
1927 677 12
1927 1539 16
1927 1557 16
1927 1808 2
1928 850 19
1928 1739 28
1928 1925 26
1929 365 22
1929 1207 28
1929 1568 7
1929 1847 30
1930 1376 19
1931 341 19
1931 1311 30
1931 1351 13
1931 1825 21
1932 1134 10
1932 1451 24
1933 849 20
1934 81 19
1934 628 30
1934 1275 16
1934 1694 25
1934 1762 21
1935 224 11
1935 301 30
1935 690 22
1935 968 8
1936 124 14
1936 391 4
1936 508 16
1936 1046 17
1937 192 11
1937 412 1
1937 743 10
1937 1219 30
1938 463 29
1938 591 5
1938 1185 21
1938 1719 18
1939 964 12
1940 26 12
1940 679 7
1941 670 22
1941 828 12
1942 50 19
1942 304 4
1942 571 13
1942 1221 12
1942 1762 15
1943 239 23
1943 353 3
1943 778 1
1943 1428 18
1943 1599 15
1944 15 11
1944 230 17
1944 442 7
1944 954 11
1945 465 22
1945 1388 2
1946 1110 18
1946 1292 8
1946 1575 12
1946 1770 18
1947 1043 9
1947 1356 3
1947 1631 8
1948 516 13
1948 1016 15
1949 236 26
1949 373 24
1949 1994 27
1950 203 2
1950 1253 7
1950 1291 30
1951 208 12
1951 911 11
1951 1171 12
1951 1309 15
1951 1606 25
1952 624 5
1952 782 10
1953 87 25
1954 496 22
1954 801 24
1954 1743 28
1954 1761 30
1956 1274 22
1956 1519 30
1957 894 21
1957 1475 23
1957 1645 17
1958 1468 20
1959 366 27
1959 839 26
1959 1297 28
1959 1409 21
1959 1997 4
1960 1576 10
1960 1801 6
1961 786 21
1961 1158 26
1961 1319 2
1962 767 22
1962 818 2
1963 333 1
1963 767 25
1963 1659 4
1963 1690 4
1963 1990 9
1964 936 29
1964 1188 30
1965 1518 18
1965 1908 15
1966 257 21
1966 781 4
1967 838 12
1967 1606 12
1968 268 25
1968 1134 3
1969 117 2
1969 541 10
1969 1948 19
1970 1011 21
1970 1383 28
1970 1832 15
1971 1184 10
1971 1600 18
1972 1084 10
1972 1694 12
1973 577 23
1973 1114 30
1975 385 7
1975 401 16
1975 570 13
1975 1156 30
1975 1392 16
1976 130 7
1976 1217 26
1976 1521 12
1977 1115 7
1978 558 24
1978 1403 11
1978 1415 25
1978 1722 8
1978 1910 24
1979 570 28
1979 1135 12
1979 1509 5
1979 1842 14
1979 1873 14
1979 1998 7
1980 1423 15
1980 1574 25
1980 1640 19
1982 832 12
1982 855 9
1982 1429 29
1982 1924 22
1983 531 10
1983 849 2
1983 985 14
1983 1199 1
1983 1327 8
1983 1336 22
1983 1582 13
1984 753 29
1984 1020 29
1984 1645 11
1984 1718 24
1985 208 10
1985 227 17
1985 605 9
1985 1157 21
1986 789 3
1987 491 17
1987 933 14
1987 1831 22
1988 247 20
1988 501 10
1988 1866 28
1989 647 3
1989 1123 16
1989 1928 12
1990 730 27
1990 1065 27
1990 1876 16
1991 137 27
1991 149 17
1991 982 7
1991 1049 6
1992 744 18
1992 1458 12
1992 1597 28
1993 177 17
1993 241 3
1993 570 2
1993 694 15
1994 1604 2
1995 9 12
1995 646 1
1996 1296 3
1996 1500 21
1996 1604 9
1996 1898 23
1997 570 15
1997 1239 17
1997 1389 28
1998 235 7
1998 1543 6
1999 670 8
1999 960 4
1999 1633 9
2000 93 15
2000 1002 7
