2500 7000
2 897 29
2 1768 14
3 985 9
3 1458 28
3 1981 20
4 1271 15
4 1930 12
5 1965 6
6 575 5
6 2068 6
7 1656 13
8 1305 23
8 2264 5
10 25 15
10 873 17
10 964 8
10 1264 30
11 126 12
11 1614 27
11 1637 4
11 2338 3
12 34 16
12 1508 23
12 1620 27
14 355 24
14 454 14
14 579 30
14 882 30
14 1164 28
14 1344 6
14 2481 11
15 797 27
15 1802 12
16 142 19
16 916 24
16 1599 1
16 2346 25
17 1200 6
17 1435 6
17 1725 29
17 1870 3
18 323 10
18 486 14
18 1702 29
18 1911 25
19 390 22
19 707 7
20 915 16
20 1201 3
20 2418 25
21 634 19
21 1692 28
22 563 10
22 1186 3
22 1197 24
22 1812 25
23 306 9
23 1164 24
24 190 24
24 522 6
24 2163 21
24 2299 26
25 1315 2
25 1341 2
25 1476 6
25 1524 18
25 1573 24
25 1791 30
25 2046 15
26 2163 21
26 2363 20
27 618 17
28 660 1
28 897 25
28 1258 8
28 2255 17
29 516 16
29 1938 14
30 911 2
30 979 11
30 1318 30
30 1622 12
30 1738 30
31 1248 9
31 2322 14
32 748 23
32 1689 3
33 160 22
33 429 8
34 613 18
34 681 20
34 1535 21
34 2410 5
35 433 21
35 1021 22
35 1177 10
36 115 30
36 2115 8
37 619 1
37 1087 14
37 1335 28
37 1410 12
37 2357 1
38 250 28
38 570 7
38 1414 30
39 529 14
39 708 22
39 1571 5
39 2042 7
40 137 24
40 353 4
41 726 18
41 1029 23
42 1935 12
44 183 24
44 231 8
44 1022 6
44 1202 7
45 1393 7
45 1451 15
45 2197 26
46 572 27
46 1124 19
46 2491 9
47 753 11
47 828 20
47 2310 8
48 908 18
48 2482 12
49 557 22
49 665 7
49 2163 23
50 1238 14
50 1359 5
50 1758 21
50 2175 13
50 2437 10
51 195 5
51 2061 17
51 2203 17
52 1366 28
53 354 20
53 736 26
53 783 13
53 1206 23
54 55 19
54 345 20
54 971 28
54 992 26
55 1568 26
55 1734 4
55 2184 21
56 213 23
56 589 22
56 1651 29
56 2112 25
56 2184 3
56 2464 29
57 1292 12
57 1741 6
58 431 20
58 1276 18
58 1516 28
58 1878 3
58 1917 14
59 300 19
60 728 7
60 983 16
60 2049 23
60 2333 23
61 672 2
61 885 12
61 1447 4
61 1521 27
61 2412 24
62 319 26
62 757 8
62 1371 13
62 1679 23
63 493 3
63 1483 1
63 2140 18
64 576 15
65 692 15
66 539 9
66 2211 14
66 2311 9
66 2316 3
67 350 12
67 408 12
68 263 30
68 854 23
68 1885 29
69 149 27
69 763 17
69 1372 5
69 2373 7
70 599 23
70 1037 20
71 1765 21
71 2144 7
72 1459 13
73 1973 25
73 2066 10
74 226 1
74 472 18
74 1670 5
75 579 8
75 867 23
76 294 19
76 1053 10
76 1179 23
76 1720 6
76 1996 25
76 2089 7
77 772 6
77 777 30
77 1359 7
77 1489 30
78 538 3
78 1589 18
79 1774 29
79 2007 25
80 673 8
80 1112 17
80 1474 3
80 2151 12
81 1265 16
81 1951 25
81 2267 23
81 2405 6
82 713 23
82 1342 5
82 1769 30
82 1918 2
83 497 6
83 1344 10
84 97 28
84 1843 5
85 884 2
85 1204 16
85 1418 15
86 1407 16
86 1485 13
87 1347 1
87 1835 22
87 2229 18
88 2104 22
89 1258 20
89 1509 17
89 1559 24
90 1257 7
90 2117 7
91 2418 10
92 1068 6
92 2050 23
93 619 12
93 2230 18
93 2396 8
94 88 28
94 1696 2
94 1760 6
94 1774 20
96 1448 7
96 2315 27
97 1814 21
97 2019 4
97 2031 6
97 2182 18
99 1540 8
100 228 7
100 810 25
100 1202 14
100 1754 22
101 255 7
101 2271 6
102 2101 5
103 831 24
104 143 27
104 681 24
104 2000 2
105 98 20
105 673 22
105 1860 8
105 2100 21
105 2394 28
106 244 22
106 804 2
106 1714 7
106 2026 30
107 729 29
107 1583 8
107 1960 27
108 90 10
108 655 6
108 1256 23
108 1834 22
108 2299 9
108 2348 29
109 687 9
109 1569 9
110 700 5
111 466 25
111 1384 22
111 1495 19
112 1760 1
112 2107 28
113 1560 23
113 1796 16
113 1882 24
114 559 9
114 662 9
114 1469 6
115 420 22
115 597 8
115 1023 26
115 1816 19
115 2218 30
116 338 20
117 318 17
117 1539 21
117 2410 10
118 196 25
118 835 17
118 1463 20
118 1641 30
118 1794 9
118 1998 11
118 2408 1
119 728 29
119 1943 12
120 1919 9
120 2348 26
121 1619 6
122 544 22
122 1561 14
122 2395 7
122 2407 11
123 949 28
123 1060 14
123 2398 27
124 382 28
124 1514 23
125 403 2
125 1148 20
126 285 30
126 546 19
128 994 30
129 652 21
130 237 8
130 1610 17
131 888 11
132 233 10
132 637 11
132 654 19
132 1177 29
133 146 2
133 1690 20
134 567 1
134 1164 2
134 1562 18
135 317 12
135 429 2
135 1088 13
135 1299 10
135 1620 16
136 1417 18
136 2082 16
137 1308 26
137 1727 8
138 1546 21
138 1605 22
138 1716 5
139 1058 13
139 1491 15
139 1638 16
139 1836 5
140 545 26
140 1835 16
141 802 25
141 1175 25
141 1655 24
141 1767 6
141 1843 4
141 2135 26
142 305 24
142 317 2
142 612 27
142 687 13
142 884 25
143 773 21
143 1542 23
144 917 6
144 1516 14
145 805 5
145 1237 15
145 1369 29
146 394 15
146 613 22
146 713 25
146 854 22
146 2042 5
146 2483 8
147 1773 26
147 2406 17
148 272 23
148 274 12
148 500 13
148 1142 18
148 1236 19
148 1500 8
148 1880 12
149 574 12
149 637 5
149 727 16
149 1493 7
149 1697 28
149 2284 9
150 1112 25
151 1602 3
151 2337 25
152 1107 7
152 2243 17
153 316 1
153 1599 21
154 177 13
154 250 7
154 414 19
154 1356 27
154 2010 21
154 2361 13
155 402 18
155 811 25
155 1776 21
156 223 6
156 361 3
156 550 5
156 1027 9
157 60 16
157 811 22
157 1104 27
157 1931 23
158 58 25
158 545 30
158 860 27
158 1522 2
158 1890 28
158 1939 16
159 193 3
159 1335 14
159 1339 10
159 1371 27
159 2197 21
160 1305 26
160 2077 19
161 640 11
162 1647 9
163 584 26
163 2194 29
164 220 5
164 2422 8
165 315 4
165 668 15
165 2000 2
165 2275 16
166 506 20
166 722 4
167 1763 20
168 1058 28
169 856 19
169 1026 3
169 1391 16
169 1419 3
170 648 19
170 695 7
171 1715 29
171 1954 21
171 2365 26
172 474 7
172 828 15
173 44 9
173 432 16
173 1353 3
173 1363 21
174 158 4
174 1450 22
175 1703 1
175 1759 4
177 1600 9
178 57 22
178 595 30
179 705 16
179 909 17
179 2352 14
180 694 17
180 1357 2
181 764 25
181 885 12
181 2451 21
182 1622 14
182 1810 23
183 2039 15
184 1253 21
185 72 25
185 515 3
185 518 27
185 1854 24
185 2264 15
186 1428 14
187 796 22
187 1484 29
187 1584 23
187 1640 7
188 118 2
188 961 13
188 1483 2
188 1884 15
189 192 6
191 271 5
191 1363 23
191 2409 19
192 847 5
192 1552 30
192 2351 5
193 981 10
193 1516 8
193 2094 6
194 947 5
194 1593 19
195 1120 18
195 1585 10
195 1913 11
195 2469 24
196 288 1
196 898 6
196 1254 26
196 2246 19
196 2417 21
197 579 11
198 18 3
198 1386 12
198 1905 1
198 1934 17
199 202 10
199 1110 24
199 2247 21
199 2470 4
199 2490 8
200 564 26
200 880 8
201 259 30
201 614 6
202 36 4
202 646 21
203 465 10
203 1388 14
203 2113 28
204 784 7
204 1693 10
204 1966 17
205 1607 16
205 2342 19
206 1655 19
206 2325 9
207 214 19
207 914 24
209 617 5
209 1759 30
209 2073 6
210 384 7
210 1009 2
210 1411 9
210 1484 29
210 1724 18
210 1866 19
211 358 23
211 517 30
211 1057 22
211 1198 30
211 1364 18
211 1581 21
212 154 22
212 324 23
212 1737 25
213 1276 12
213 1324 3
213 1394 30
214 931 10
214 1651 1
215 157 1
215 353 18
215 2394 17
216 153 19
216 361 6
216 535 25
216 936 30
216 1936 22
216 2187 21
217 287 29
217 554 27
217 1096 19
217 1766 22
217 2357 6
218 132 18
218 624 9
218 802 16
218 889 10
218 986 30
218 2309 29
219 913 1
219 1847 17
220 1307 19
221 350 14
221 1200 10
221 1886 5
221 2391 18
222 2292 4
223 263 26
223 543 19
223 623 4
225 475 26
225 535 6
225 1719 12
226 1971 7
226 2275 3
228 519 7
228 1098 28
229 1852 24
230 828 19
231 1187 26
231 1702 13
231 2390 8
232 1457 17
232 2309 10
233 999 17
233 1251 17
233 1900 17
234 147 26
234 1199 16
235 473 15
235 585 18
235 714 3
236 234 25
236 415 24
237 274 4
237 1851 22
238 327 11
238 617 7
238 660 17
238 1395 21
238 1461 2
239 104 5
239 1076 18
239 1783 14
240 80 11
240 220 20
240 2089 12
241 1723 8
241 2046 6
241 2353 22
242 531 25
242 1263 10
242 1433 29
242 2451 3
243 609 19
243 1950 15
244 181 11
245 1168 27
245 1742 2
245 2176 18
247 749 11
247 1188 12
247 1203 12
247 1533 27
247 2076 5
248 1959 15
248 2109 18
249 15 7
249 298 21
249 584 27
250 612 27
250 852 15
250 1052 1
250 1341 14
250 1486 28
250 1885 3
251 102 25
251 1051 1
251 2266 2
251 2320 30
252 310 22
252 1385 18
252 2281 9
254 1439 13
254 1586 20
254 1775 19
254 1883 27
255 527 30
256 785 7
256 826 21
257 1668 9
257 1685 17
258 259 2
258 265 21
258 404 6
258 837 28
258 1009 5
258 1297 23
258 1684 4
258 2479 18
259 2387 11
260 72 22
260 89 2
260 1251 11
260 1567 5
260 1586 21
261 325 5
261 996 21
261 1050 21
262 35 28
262 708 21
264 1217 4
264 2172 15
265 339 21
265 1595 16
265 2491 4
266 844 2
266 1392 13
266 2070 25
267 1304 8
267 1876 25
267 2329 4
268 1459 17
269 1257 18
269 1836 24
269 2133 22
269 2233 15
270 999 20
271 822 6
271 1217 10
271 1648 7
271 2500 17
272 580 1
272 739 8
272 1545 19
273 1820 27
273 1876 20
273 2300 16
275 732 17
275 927 10
275 2113 13
275 2156 29
276 1064 6
276 1323 28
277 1437 12
277 2247 21
277 2381 23
278 128 5
278 448 25
278 600 18
278 713 4
278 1394 19
278 2098 13
279 893 20
279 1795 6
280 1472 28
281 97 3
281 1361 12
281 1532 17
282 2476 1
283 129 21
283 330 24
283 456 9
283 630 13
283 706 23
283 1675 27
283 2339 9
284 249 5
284 572 4
284 911 18
284 943 6
284 1397 17
284 1664 8
285 1828 11
286 1616 6
286 1675 11
287 673 2
287 1638 28
287 1645 15
287 1884 26
288 585 7
288 1212 19
288 1639 15
289 1633 11
290 853 30
290 1669 12
290 1753 8
290 1852 3
290 2371 16
291 93 25
291 1886 25
292 500 6
292 2260 10
293 142 3
293 437 19
293 697 24
293 1114 21
293 2108 19
293 2337 28
294 322 25
294 858 28
294 1103 4
294 1240 3
294 2355 28
295 1996 14
296 28 8
297 265 8
297 1202 7
297 1767 27
298 43 23
298 1898 3
298 2108 4
299 1826 3
299 1875 9
299 1964 14
299 2271 2
299 2297 12
300 1487 14
300 1803 26
301 805 27
301 2296 8
302 266 12
302 1098 3
302 1635 9
302 1913 14
302 2377 13
303 326 2
303 408 5
303 900 23
304 129 22
304 941 29
304 1027 13
304 1062 17
304 1836 1
304 1908 10
304 2102 30
305 60 30
305 262 9
305 1065 29
305 2351 26
306 553 23
306 666 1
306 1507 29
306 1575 25
306 1728 1
306 2190 5
307 72 19
307 317 12
307 477 18
309 900 6
309 1053 9
309 1506 17
310 2140 18
310 2198 3
311 109 17
311 1179 23
312 1211 7
312 2000 10
313 824 27
314 408 29
314 959 1
314 2127 17
315 637 3
315 1313 17
315 1928 9
315 2135 4
315 2282 9
316 1035 8
317 993 13
317 2112 7
318 770 26
318 1286 5
318 1476 29
319 330 16
319 355 22
320 541 29
320 1052 20
320 2166 2
321 407 10
321 1619 29
321 2260 29
321 2402 10
322 227 7
322 629 16
322 844 12
322 1624 23
323 1790 1
324 1496 18
324 1524 25
324 1724 27
325 2155 9
326 420 17
326 722 6
326 1112 11
326 1520 26
326 1762 14
326 1767 15
326 2024 4
326 2376 14
327 716 19
327 747 2
327 765 9
327 1415 15
327 1860 22
327 2000 24
327 2357 28
328 459 20
328 875 6
328 1407 29
328 1540 21
329 1493 4
330 450 20
330 568 1
330 614 3
330 2075 27
330 2279 12
330 2405 25
331 1017 27
331 2172 22
332 429 11
332 451 24
332 705 30
332 732 28
332 782 29
332 929 10
332 2025 23
332 2260 4
332 2363 16
333 146 18
333 457 17
333 1193 4
333 1729 19
333 1828 25
333 1899 19
333 2097 2
334 774 11
334 1560 8
335 644 13
335 879 16
335 1529 7
335 1975 3
335 2128 11
336 217 18
336 1191 25
336 1505 13
336 1607 14
337 404 29
337 2439 30
338 1581 11
339 940 20
339 1615 10
339 2034 4
339 2476 19
340 777 7
340 1030 24
340 1459 20
341 1498 29
341 1706 27
341 1954 6
343 860 16
343 1768 6
343 1883 1
343 2085 26
343 2386 22
344 228 11
344 1109 19
344 2324 2
345 645 19
346 634 1
347 822 9
347 951 17
347 1306 26
347 1615 20
348 723 4
349 1777 12
349 2374 2
350 761 17
350 1449 10
351 137 1
351 1809 27
351 2122 21
351 2152 11
353 145 22
353 173 1
353 604 9
354 1351 7
354 2001 21
355 872 8
355 2062 26
356 143 18
356 181 15
356 778 1
356 1887 10
357 421 3
357 544 14
357 620 21
357 815 21
357 1864 16
357 2060 1
358 1127 22
358 1212 16
358 2236 17
359 993 9
359 1315 5
359 2283 12
360 105 20
360 1744 7
360 1990 28
360 2162 22
362 832 29
362 1925 17
362 2238 12
364 815 1
364 1322 30
365 200 5
365 726 2
365 1840 29
365 1879 17
366 919 1
366 978 24
366 1825 4
367 52 15
367 1466 16
368 904 13
368 2026 9
369 302 29
369 718 25
370 1557 30
371 1287 6
371 1676 25
371 2400 13
372 464 22
372 1150 3
373 171 13
373 639 26
373 1580 14
374 453 2
374 597 24
374 627 4
374 2446 23
375 621 15
375 2456 12
376 2425 27
377 126 7
377 519 11
377 646 1
377 1789 8
378 346 9
378 1755 9
378 1785 8
378 1995 24
379 2102 12
379 2127 23
379 2327 9
380 299 16
380 1387 23
380 2280 8
381 60 3
381 1120 22
381 1548 5
381 1787 27
381 2156 26
382 188 26
382 1156 30
383 180 8
383 1074 14
383 2265 13
384 387 2
384 1857 29
384 2033 8
384 2266 16
385 398 13
385 752 19
385 977 12
385 1309 20
385 1367 22
386 279 4
386 515 27
386 2001 22
387 46 12
387 1199 27
387 1200 16
388 701 15
388 2002 11
389 209 24
389 922 23
389 1697 3
390 203 23
390 2086 25
390 2343 25
391 812 28
391 1117 13
391 2274 12
392 104 23
393 2041 12
394 559 20
394 1252 28
394 1505 17
394 1641 21
394 2189 27
395 203 24
395 1958 6
395 2241 9
395 2292 5
396 1004 10
396 1468 20
396 1901 26
396 2240 5
397 1335 9
398 970 17
399 1558 9
399 1881 5
400 1940 2
400 2061 23
401 619 15
401 629 18
401 1366 7
401 2018 17
402 950 10
403 486 1
403 1343 3
404 915 29
404 1777 14
405 884 7
406 47 14
406 292 17
406 1032 26
406 1416 11
407 800 25
407 1081 8
408 1562 7
409 399 19
409 1736 5
409 2090 8
409 2173 15
410 1361 6
411 1536 27
412 1366 10
412 1552 11
413 145 27
413 468 18
413 593 19
413 1489 1
414 1075 12
414 1387 3
414 2150 7
415 1033 29
415 1511 2
415 1677 16
415 1924 30
415 2255 24
415 2360 18
416 65 21
416 75 29
416 197 24
416 1849 4
417 193 16
417 601 11
417 1780 14
417 1937 10
418 1033 10
418 1399 13
418 2204 20
419 122 15
420 920 20
420 2135 4
421 1596 12
421 2247 8
421 2310 5
422 84 22
423 402 27
423 1004 23
424 647 2
424 719 27
425 214 26
425 695 27
425 911 26
425 1062 24
425 1570 20
425 1787 11
426 86 15
427 170 13
427 982 20
427 1667 5
427 1710 12
427 2049 14
427 2439 8
428 1936 19
428 2168 16
429 1231 14
429 2371 20
430 178 26
430 833 26
430 1239 10
431 2106 2
431 2311 7
432 849 5
432 869 13
432 2219 6
433 499 2
433 1210 27
433 1455 2
433 1520 16
434 347 20
434 937 21
434 1594 11
436 887 8
436 1119 16
436 1906 26
436 2373 27
437 317 18
437 1548 10
437 1791 10
438 235 7
438 310 7
438 1277 13
438 1341 12
438 1526 6
438 1745 1
438 1889 28
438 2031 19
439 542 20
439 985 15
439 1900 6
439 2182 21
440 948 16
440 1712 4
441 617 18
441 1691 20
441 1792 10
441 1889 19
441 2389 8
442 1090 11
442 1343 26
443 414 20
443 2301 23
444 631 6
446 436 27
446 1284 8
446 2243 23
447 2043 16
448 46 17
448 367 2
448 576 25
448 2424 24
449 23 30
449 870 7
449 1023 5
450 1024 6
451 563 7
451 2487 2
452 133 24
453 21 18
453 1022 16
453 2201 22
454 530 9
454 867 23
454 1998 25
454 2467 18
456 1183 5
456 1676 26
456 1761 28
457 26 4
457 548 7
457 576 23
457 755 23
457 1474 21
457 1767 20
458 272 12
458 469 21
458 629 12
459 191 27
459 466 7
459 546 5
459 2133 21
459 2173 30
460 334 5
461 183 19
461 1036 5
461 2337 10
462 59 17
462 342 28
462 1424 25
462 2499 4
463 120 6
463 649 8
463 1836 4
464 499 28
464 1016 3
464 1492 21
465 2179 24
466 974 28
466 1240 18
466 1366 28
466 1428 26
467 555 2
467 760 20
467 1081 17
467 1826 21
467 2078 1
468 495 29
468 831 2
468 1551 27
468 1700 5
468 1797 29
468 2349 9
469 1223 5
470 245 3
470 932 19
470 1934 1
470 2161 4
471 50 5
471 312 28
471 462 20
471 531 1
471 700 3
471 1676 28
472 398 26
472 684 23
472 1342 30
472 1815 9
472 1931 16
472 2330 19
474 231 18
474 2416 5
475 662 7
476 1877 20
477 351 25
479 259 15
479 1192 10
479 1444 17
479 2077 13
479 2460 4
480 52 6
480 434 17
481 497 24
481 654 6
481 2159 13
482 2418 26
483 166 25
483 312 5
483 519 21
483 790 21
483 829 3
483 2014 10
483 2050 21
484 301 27
484 987 7
484 1232 9
484 1767 11
485 451 28
485 1896 17
486 1546 19
486 2401 17
487 2227 4
487 2363 23
488 59 15
488 1313 23
489 831 9
489 1700 29
489 1754 25
490 246 18
490 1027 11
491 1405 20
491 1529 23
492 74 19
493 491 13
493 981 20
493 1121 24
493 1210 30
493 1429 14
494 65 28
494 186 20
494 1603 27
495 823 22
495 2171 29
496 75 17
496 1106 11
496 1442 28
496 1979 17
497 114 21
497 1747 25
497 2295 3
498 61 1
498 159 3
498 649 7
498 1179 24
500 1000 17
500 1630 21
501 1622 24
502 768 7
502 1506 7
503 1547 11
503 2120 9
504 818 26
504 893 25
504 1276 28
504 1445 30
504 1509 7
505 14 13
505 541 29
505 1273 20
505 1539 2
505 1693 10
506 621 8
506 1235 24
506 1918 9
507 526 17
507 1123 26
507 1850 6
508 369 3
508 1626 8
508 1734 22
509 444 6
509 1219 9
509 1292 25
509 1626 4
509 2055 24
510 318 11
510 453 16
510 2340 17
511 1328 10
511 1762 23
511 2073 20
512 88 18
512 740 10
512 1953 6
513 2186 7
514 510 2
514 2056 12
514 2413 19
514 2427 30
515 311 24
515 1338 21
515 1478 2
516 496 1
516 690 6
516 1126 10
516 1374 17
516 1612 1
517 137 7
517 139 20
517 2039 8
517 2145 28
518 619 17
518 719 8
518 1862 22
519 886 12
519 2267 1
519 2370 25
520 174 27
520 441 18
520 476 4
520 1297 11
520 2426 29
521 651 13
521 1707 13
522 1293 4
522 2069 20
523 299 14
523 429 16
523 1610 30
523 2453 5
524 130 9
524 1829 20
525 284 6
525 2029 1
526 474 17
526 1270 7
526 2324 18
526 2326 9
527 95 13
527 394 29
527 779 17
528 129 3
528 178 15
528 648 24
528 1282 16
529 723 18
529 806 25
529 2164 10
530 962 14
530 1054 4
530 1068 5
530 1738 17
531 1130 2
532 78 18
532 840 21
532 1948 27
532 1991 29
533 568 26
533 1603 12
533 1774 28
533 1973 22
533 1986 12
534 315 10
534 2110 28
535 817 13
535 1333 26
535 1909 26
535 2321 22
536 1356 5
537 1352 1
537 1365 20
537 1704 13
538 251 3
538 745 26
538 1635 6
538 2178 18
539 2367 13
540 1478 22
540 1528 20
541 136 18
541 348 17
542 189 16
542 1613 26
543 44 10
543 505 25
543 2071 16
543 2118 7
543 2336 23
544 154 11
544 1077 10
544 1473 21
544 2238 3
544 2328 22
545 1518 30
547 470 22
547 923 26
547 1759 17
547 2378 9
548 1997 17
548 2337 21
548 2361 9
549 609 28
549 615 3
549 637 3
549 1297 23
549 2212 1
550 1792 13
550 2487 5
551 604 14
551 2133 24
552 1282 22
552 1447 1
552 1704 9
552 1964 18
552 2209 2
553 414 26
553 431 25
553 1421 8
554 798 18
554 1515 28
554 1897 18
555 1818 30
556 599 22
556 2042 1
556 2230 21
557 42 5
558 637 26
558 768 8
558 1470 13
558 2304 4
558 2459 28
558 2482 22
559 1831 1
560 1794 23
561 961 16
561 1141 23
561 1199 15
561 1630 28
562 216 27
562 252 28
562 285 21
562 340 10
562 541 20
563 387 22
563 1601 19
563 1902 22
564 749 17
564 801 6
565 1007 21
565 1829 26
565 2005 3
566 1335 30
566 1363 26
566 1868 24
567 710 30
567 1247 16
567 1550 28
567 2075 17
568 197 23
569 643 2
569 700 20
569 1683 13
570 261 15
570 413 20
571 802 27
571 1011 1
571 1023 12
571 1038 11
571 1761 20
571 1901 30
572 51 30
572 1759 11
573 720 2
573 849 12
573 2367 24
574 1206 12
575 126 25
575 1746 10
576 696 17
576 1152 15
576 1802 5
576 1890 19
576 2309 7
577 486 22
577 2428 4
578 57 6
578 521 8
578 2103 23
579 2342 23
582 789 22
582 1424 17
583 1257 4
583 1805 26
583 2353 1
585 341 24
585 1330 14
585 2360 23
587 1856 27
588 1425 24
588 2456 13
589 529 19
589 959 16
589 1875 15
590 52 12
590 55 27
592 953 8
592 1955 23
592 2006 21
592 2070 17
593 480 2
593 555 27
593 602 13
593 1984 20
594 1148 3
594 1680 5
594 1755 16
594 2193 1
594 2500 4
595 273 30
595 515 15
595 683 25
595 753 16
595 1858 18
596 217 13
596 923 17
596 942 3
596 1957 26
596 2493 9
597 47 22
597 1365 12
597 2289 13
598 42 10
598 56 27
598 557 27
598 1007 21
598 1631 15
598 1747 4
599 349 5
599 1778 27
599 2096 12
600 331 6
600 723 23
600 1287 17
600 1632 18
600 2048 18
601 374 21
602 301 25
602 1771 10
602 2129 24
602 2268 24
603 107 24
603 720 10
603 1265 10
603 1944 3
603 2149 14
604 967 18
604 2444 6
605 1351 10
605 2266 18
606 579 19
606 1428 13
606 1679 1
606 1793 28
606 2019 1
607 391 27
607 1194 10
607 1446 15
607 1752 23
608 14 6
608 1247 11
608 1558 4
609 40 12
609 254 25
609 946 20
610 4 21
610 229 4
610 1778 2
611 32 15
611 115 13
611 245 17
611 260 30
611 1073 28
611 1459 27
612 346 9
612 365 23
612 404 2
612 1547 18
613 681 20
613 804 3
613 904 6
613 991 8
613 1633 15
614 478 6
614 1453 5
614 2297 15
615 1242 24
616 809 6
616 1327 29
616 1903 16
616 2166 11
616 2468 1
617 517 20
617 762 14
617 930 18
617 1277 1
618 368 26
618 1619 21
618 1738 3
618 1881 2
618 2096 26
618 2099 19
618 2378 2
619 1893 15
620 366 7
620 954 2
620 1742 7
620 2470 1
621 416 20
621 1465 26
622 507 3
622 1431 25
622 2075 3
623 686 18
623 861 22
623 2470 29
624 482 2
624 510 15
624 891 26
624 1920 23
625 1376 1
625 1772 29
625 2066 23
626 762 12
626 980 12
626 1055 2
626 1468 4
626 1783 30
627 867 23
627 2102 6
628 187 1
628 270 18
628 586 17
628 603 2
628 1022 2
628 1609 15
628 2401 4
629 1402 1
631 207 15
631 1814 15
631 1986 26
631 2232 18
633 126 9
633 405 21
633 965 27
633 1397 22
633 2003 19
634 2277 20
634 2443 6
635 105 15
635 524 12
635 1165 28
635 1502 13
635 1805 27
635 2332 9
636 447 16
636 1511 28
636 1628 13
636 2025 7
636 2216 12
637 720 10
637 1543 8
638 280 21
638 1117 18
638 1802 1
639 256 15
639 338 25
639 630 26
639 838 15
640 1584 9
640 1824 10
641 2299 2
642 698 18
642 1405 10
642 1808 22
643 494 6
643 1333 23
643 1550 3
644 311 26
644 847 29
645 152 9
645 377 7
645 576 18
645 1568 13
646 395 25
646 594 19
646 797 20
647 274 15
648 286 23
648 1513 27
648 2473 26
649 295 2
649 1630 26
650 118 9
651 1008 12
652 569 18
652 1515 23
652 1583 6
652 1629 14
652 2349 29
653 175 6
653 1318 15
654 949 30
654 1275 16
655 295 17
655 1325 22
655 1833 21
655 1871 9
656 30 16
656 100 16
656 217 29
656 284 24
656 723 15
656 954 17
656 975 6
656 1203 9
657 1458 5
657 1731 25
657 2020 15
657 2175 27
658 31 21
658 1623 3
658 1803 20
658 2332 8
659 2358 11
660 1295 23
660 1366 26
661 499 25
661 621 28
661 1058 9
661 1208 23
662 1272 26
662 1743 15
662 1823 22
662 2282 11
663 1595 1
664 62 5
665 1611 1
665 1828 10
666 448 20
666 859 17
667 1204 8
667 2496 13
668 1539 1
669 349 16
669 1322 10
669 2384 1
671 1648 20
671 2323 5
672 1183 8
672 1203 8
672 2073 17
673 1617 10
673 2421 20
674 2420 25
675 1046 12
675 1450 12
675 2405 20
676 850 6
676 1232 2
677 483 20
677 1848 20
678 2081 27
678 2306 4
679 791 11
679 1424 7
680 1468 27
680 1707 8
681 215 29
681 1081 28
681 1399 19
681 1920 15
681 2035 5
682 440 24
682 1791 7
682 2035 13
683 2288 3
683 2426 30
684 1544 24
685 89 7
685 349 29
685 639 2
685 986 16
685 1458 30
685 1472 21
686 1171 10
686 1614 11
687 439 24
687 1228 29
687 1441 8
687 2137 25
687 2187 10
688 260 27
688 798 13
688 841 5
688 879 29
688 1038 19
688 1171 1
688 1435 28
688 1445 18
688 1687 28
689 688 17
690 376 24
690 440 25
690 1753 10
690 2295 23
691 443 7
691 1218 4
691 1564 14
692 1868 30
693 1934 11
693 2486 4
694 771 23
694 1561 26
694 1664 3
694 1870 5
695 239 27
695 887 13
695 1464 29
695 1635 17
696 218 12
696 1279 15
697 966 26
697 1948 8
698 576 28
698 1747 30
699 324 28
699 543 8
699 1273 1
699 1621 26
699 2030 17
699 2077 20
699 2329 12
700 311 3
700 657 14
700 1919 13
701 1125 17
701 1526 12
701 2055 16
701 2182 30
702 1924 12
702 1934 18
702 2409 25
703 114 26
703 405 5
703 567 27
703 894 1
703 2376 1
704 298 1
704 683 21
704 1049 17
704 1578 12
705 872 5
705 1149 4
705 1354 11
705 1722 24
705 2089 4
705 2233 8
706 219 2
706 375 26
706 1435 3
706 1680 18
706 1698 15
706 1717 6
706 2371 20
707 465 21
707 690 18
707 2437 6
708 2364 2
708 2367 26
709 407 27
709 503 5
709 823 13
709 1274 21
709 1889 1
710 160 18
710 394 9
710 419 23
710 693 10
710 2113 9
710 2187 13
711 363 27
711 1518 12
711 1528 9
711 2418 22
712 232 22
712 410 25
712 1441 25
712 2072 22
713 1742 26
714 664 12
714 1231 16
714 2184 5
714 2224 19
715 551 22
715 1416 17
715 1858 9
716 749 1
717 881 14
718 498 10
718 1475 18
718 1521 3
718 1841 15
718 2139 1
718 2449 15
719 485 7
719 1035 10
719 2139 24
719 2446 29
720 586 11
720 1270 24
720 2096 11
721 141 29
721 277 6
721 497 11
722 202 21
723 1552 19
724 2494 5
727 1199 7
729 14 10
729 906 22
729 1221 19
730 583 18
730 760 27
730 1323 7
731 281 9
731 1206 13
732 17 7
732 208 1
732 801 18
732 2019 8
733 904 19
733 1630 20
734 252 22
734 359 11
734 1045 5
734 2134 20
735 380 12
735 666 28
735 983 18
735 1242 22
735 1328 21
735 1764 20
735 2020 21
736 660 18
736 1051 1
736 1581 11
736 1745 7
738 700 27
738 752 17
738 774 8
738 1307 19
738 1587 27
738 2306 25
739 493 7
739 933 25
740 992 25
740 1466 11
740 2196 1
741 2366 18
742 886 28
742 1153 9
742 1944 6
742 2172 18
742 2202 22
743 1952 8
743 2308 14
744 698 12
744 1492 19
744 1649 11
744 2011 29
744 2152 2
745 387 23
745 1092 19
745 1696 22
745 1700 3
746 1543 11
746 1629 24
747 444 1
747 490 29
748 76 11
748 199 30
748 558 9
748 624 29
749 735 25
749 1764 7
749 2429 24
750 65 11
750 289 17
750 1282 16
750 2098 28
751 1753 7
752 30 24
752 1409 25
752 2348 16
753 1563 8
753 1886 2
754 543 29
754 1827 19
755 167 12
755 1255 1
755 1446 9
755 1873 14
756 763 15
756 1681 19
756 2221 5
756 2243 17
757 433 21
757 852 21
757 1391 9
757 1702 20
758 187 23
758 829 9
758 1625 20
759 478 21
759 1020 25
759 1985 27
759 2151 14
760 286 5
760 303 13
761 205 30
761 211 25
761 636 19
761 857 15
761 1100 19
761 1225 26
761 1503 22
761 1750 13
761 1880 24
761 2271 2
761 2487 24
762 1423 24
762 2463 11
763 1754 29
763 2129 9
763 2301 21
764 249 26
764 286 17
764 1020 12
764 1732 16
764 1763 26
765 772 23
765 1087 8
765 1802 4
765 2143 12
766 379 28
766 1193 28
766 1519 8
766 1561 4
766 1899 24
766 2303 21
767 1945 25
767 2438 18
768 206 1
768 671 1
768 735 29
770 2276 27
770 2330 15
771 208 3
771 804 12
771 1636 16
771 1713 18
771 2056 28
771 2489 18
772 862 17
772 2104 28
773 525 9
774 559 12
774 941 14
775 1098 20
775 1305 19
776 303 1
776 989 12
776 1807 26
776 2399 26
777 1323 23
777 2235 15
778 1164 15
778 1421 23
780 321 10
780 2234 9
781 132 5
781 1178 26
782 591 18
782 621 5
782 1010 27
782 1174 8
782 1228 23
783 571 11
783 614 10
783 1624 27
783 2359 18
784 1610 28
784 2161 24
785 321 28
785 589 6
785 674 13
785 730 6
785 731 17
786 204 18
786 577 17
786 1189 27
786 1624 19
786 2442 20
787 1186 22
787 1579 14
788 407 4
789 720 28
789 905 21
790 1132 26
790 1749 8
791 722 29
791 735 30
791 802 25
791 2122 8
791 2463 27
792 657 21
792 1102 8
792 2325 11
792 2412 23
793 712 17
794 113 7
794 118 3
795 1957 6
795 2337 22
795 2426 30
796 114 11
796 977 4
796 2206 5
797 1488 19
798 362 22
798 1769 13
798 1957 15
799 750 2
799 1268 24
800 1563 28
800 2299 7
801 151 27
801 2204 26
801 2443 27
802 1842 15
802 2332 25
803 343 17
803 527 14
804 337 11
804 733 25
804 1751 2
804 2222 2
805 294 2
805 1428 5
805 1817 16
805 1935 10
805 2105 3
806 518 18
806 984 16
806 1374 25
807 139 17
807 1402 18
807 1576 20
808 1059 13
808 1190 7
808 1524 3
808 1712 17
808 1919 13
808 2137 26
809 107 10
809 488 11
809 693 3
809 1055 7
809 1201 28
809 2343 29
810 46 13
810 155 14
811 2010 16
812 209 26
812 1331 24
812 2153 2
813 53 20
813 1896 17
814 193 3
814 1625 24
814 1858 3
815 1792 4
815 2183 26
815 2202 12
815 2259 11
816 314 12
816 863 21
816 1013 29
816 1129 24
816 2257 25
816 2368 5
816 2490 26
817 1472 12
818 402 9
818 957 22
818 1898 21
818 2152 19
819 211 16
819 391 19
819 465 8
819 1194 14
819 1697 1
819 2217 21
820 674 21
820 946 19
820 1186 7
821 1286 22
822 19 30
822 203 23
822 1737 16
823 476 23
823 1180 17
823 1494 20
823 1556 10
823 1907 29
824 431 30
824 820 14
824 1693 11
824 1726 20
824 1996 7
825 1394 5
825 2101 24
826 206 24
826 1147 16
826 1626 3
827 2079 7
828 1349 29
828 2067 13
829 637 22
829 854 9
830 1831 21
830 2432 6
831 83 10
831 377 3
831 722 18
832 177 20
832 420 9
832 1898 10
834 478 19
834 929 24
834 1097 25
834 1351 11
835 90 2
836 53 6
836 1849 12
836 2196 22
837 1339 28
837 1852 25
837 2242 2
838 461 17
838 2396 1
839 434 7
840 703 3
840 2027 17
840 2036 14
841 88 27
841 244 23
841 701 12
841 733 9
841 789 15
841 934 13
841 1117 21
842 529 12
842 1540 22
843 1933 16
843 1955 29
844 1030 11
844 1682 24
845 1470 30
845 1639 21
845 2179 9
846 110 25
846 758 1
846 1777 11
846 1810 22
847 1194 4
848 106 2
848 2124 19
849 1613 29
849 2422 4
849 2434 6
850 1545 21
850 1875 2
850 2197 30
851 2294 7
853 140 7
853 935 26
853 2134 30
853 2497 19
855 84 4
855 620 6
855 918 23
855 927 17
855 2036 9
856 202 14
856 208 2
856 1667 7
856 2034 16
856 2079 17
857 195 7
857 1396 6
857 1522 26
857 1877 23
858 1335 28
858 2318 28
859 983 14
859 1154 1
860 352 29
862 2070 25
863 59 21
863 237 24
863 709 22
863 1307 4
863 2236 17
864 356 21
864 381 2
864 1101 24
864 1839 16
864 2165 23
865 754 4
865 1088 11
866 1357 28
866 2148 26
867 25 27
867 83 6
867 296 9
867 958 20
867 1677 5
867 2060 16
867 2120 7
869 97 3
869 348 21
869 1057 24
870 691 25
871 304 10
871 1562 21
872 1268 30
872 2477 2
873 1364 11
873 1611 16
873 1963 15
873 2423 27
874 1285 7
876 1024 18
877 820 13
877 1035 27
877 2389 19
877 2411 6
878 1834 4
878 2146 12
879 982 9
880 940 7
880 1263 1
881 280 4
881 682 25
881 925 29
881 1888 4
881 1944 15
882 461 3
882 954 11
883 236 13
883 2242 5
883 2351 23
884 375 6
884 425 21
884 1743 2
885 2300 18
885 2331 12
887 317 26
887 1010 20
887 1075 28
887 1155 10
887 1363 16
888 919 4
888 2435 27
889 356 29
890 1626 23
890 1820 7
890 1861 26
891 1796 18
891 2167 10
891 2303 5
892 251 24
892 634 3
892 711 30
892 842 19
892 1651 1
892 2480 26
893 467 25
893 1137 25
893 1237 6
894 250 7
894 636 21
895 1085 29
895 1270 4
895 1981 3
896 168 22
896 376 21
896 1541 14
896 2157 17
897 680 2
897 1805 11
898 1146 26
898 1804 18
898 1973 7
898 2007 14
898 2313 8
899 1934 21
900 580 21
901 154 3
902 1672 30
903 261 22
903 307 7
904 315 24
904 2235 24
905 65 29
905 554 4
905 1304 16
905 1549 24
907 916 28
907 1352 10
908 1677 21
909 883 4
910 1841 22
911 2172 19
912 2103 29
912 2164 24
913 345 3
913 563 11
913 1264 8
914 214 19
914 512 12
914 892 10
914 1973 15
914 2101 29
914 2475 8
915 84 20
915 232 6
915 2426 28
916 845 10
916 995 9
916 1355 20
917 691 24
917 703 7
917 780 13
917 1834 9
918 15 27
918 1629 8
919 530 25
919 1265 20
919 1965 5
920 1599 26
921 858 3
921 1718 30
922 920 18
922 2137 21
926 12 28
926 690 3
926 1625 15
926 1855 8
927 1434 2
928 1263 4
928 1675 19
928 1995 4
929 74 10
929 1244 10
929 1664 11
929 1676 29
929 1839 15
929 2160 1
930 2017 1
930 2442 15
931 528 20
931 1660 24
931 2024 14
931 2308 24
931 2386 2
932 2220 10
933 451 1
933 835 26
934 733 30
934 1519 27
934 1601 14
935 288 24
935 1365 26
935 2358 23
936 721 6
936 1181 15
936 1832 25
937 503 21
937 1734 14
937 2176 19
938 1040 24
938 1414 24
938 2196 22
939 486 3
939 1253 3
939 1774 2
940 1436 1
940 2188 10
941 649 2
941 1083 1
941 1563 24
941 1709 13
942 685 16
942 1016 29
942 2059 6
943 676 18
943 823 9
943 1031 28
943 1483 5
944 1656 30
944 1663 24
945 40 18
945 1166 23
945 2442 19
946 392 10
946 485 28
946 1885 25
946 2041 27
947 778 18
947 1407 8
947 1893 15
948 2374 11
949 144 2
949 1238 6
949 1782 5
949 2007 4
950 705 29
950 1720 28
951 1721 5
951 1788 23
951 2024 20
952 349 21
952 809 5
953 35 6
953 625 19
953 1080 3
954 1410 15
954 1939 27
954 2127 30
955 763 19
955 1389 26
955 1646 24
955 1933 29
955 2067 18
956 1124 4
956 1126 30
956 2026 8
956 2048 21
957 420 18
957 1460 25
958 1974 28
959 2097 2
960 559 28
961 611 21
961 2150 29
962 86 24
962 1540 25
962 1994 28
962 2056 21
963 1189 21
963 1204 20
963 1872 11
964 14 11
964 688 16
964 1105 16
965 75 30
965 421 18
965 684 30
966 247 26
966 346 10
967 1151 10
967 1403 14
967 1950 25
967 2458 8
968 706 1
968 2215 20
969 468 30
969 1578 30
970 325 10
970 728 17
970 1322 25
970 1802 30
971 419 19
971 1755 14
971 1832 20
972 312 9
972 537 7
972 1141 6
972 1853 28
973 20 28
973 161 27
973 2476 17
974 174 8
974 2309 7
975 2490 25
976 90 15
976 2337 6
977 669 4
977 870 6
977 2251 24
978 1599 13
978 1709 15
979 1337 7
979 2152 29
980 2034 15
981 1041 29
981 1317 19
983 364 14
983 1202 29
983 1753 28
984 21 22
984 645 15
984 849 27
985 907 2
985 1154 28
986 873 9
986 935 11
986 1828 26
987 963 14
987 1034 8
987 1058 23
988 436 10
989 567 17
989 1699 22
989 2101 9
989 2162 11
991 573 28
991 1160 6
991 1286 6
991 1930 3
992 62 29
992 367 19
992 2079 10
993 326 27
993 371 17
993 1327 24
994 2309 18
995 654 27
995 1669 29
996 435 8
996 614 25
996 1250 12
996 2069 22
996 2183 13
997 370 14
997 1876 11
997 1998 13
998 59 24
998 817 6
998 1594 27
998 2424 23
999 1222 21
999 2174 28
1000 239 9
1000 1857 12
1001 463 6
1001 711 11
1001 1466 10
1001 2140 12
1001 2458 17
1002 201 4
1002 1676 2
1002 2238 27
1002 2489 13
1003 1361 21
1003 1675 5
1004 23 28
1004 1000 8
1004 1246 2
1004 1663 18
1004 1765 7
1004 1783 18
1004 1861 30
1005 1293 20
1005 1815 22
1005 2263 13
1005 2403 30
1006 140 5
1006 1264 28
1007 64 27
1007 1664 1
1007 1806 20
1008 1328 17
1008 1533 20
1008 1676 29
1008 2329 21
1009 375 26
1009 2161 1
1010 252 22
1010 334 29
1010 973 9
1010 2237 25
1010 2462 22
1011 1171 5
1012 100 30
1012 603 12
1012 876 2
1013 29 27
1013 118 11
1013 1997 3
1015 210 7
1015 451 17
1015 617 12
1015 1051 6
1016 767 6
1016 1917 3
1017 1569 18
1017 1906 27
1018 336 7
1018 817 15
1019 1455 16
1019 2211 29
1019 2296 26
1020 1563 24
1020 2428 19
1021 258 16
1021 1418 14
1021 2377 6
1022 608 17
1022 1938 27
1023 1172 4
1024 78 25
1024 108 14
1024 432 17
1024 710 22
1024 1002 13
1024 1765 21
1024 2358 23
1025 195 1
1025 513 1
1025 1235 17
1025 1348 7
1025 2218 10
1026 1433 28
1028 119 12
1028 1036 7
1028 1222 30
1028 1424 21
1028 2087 26
1029 706 29
1029 1285 27
1029 2330 11
1030 197 19
1030 1021 23
1030 1947 26
1030 2119 7
1031 499 8
1031 621 10
1031 680 4
1031 728 16
1032 394 28
1032 546 29
1032 1035 11
1032 2146 11
1033 37 16
1033 555 24
1033 1365 23
1033 1774 6
1033 2158 8
1034 768 16
1034 1382 28
1034 1913 24
1035 542 22
1035 701 7
1035 1863 13
1036 417 4
1036 1177 6
1037 730 4
1037 1303 16
1037 2098 1
1038 612 2
1038 656 13
1038 1066 3
1039 1676 13
1040 1736 5
1040 1862 28
1040 1864 19
1041 1203 4
1042 680 29
1043 1672 15
1043 2175 20
1044 2217 27
1045 71 13
1045 903 22
1045 912 29
1045 1474 28
1046 1089 7
1047 163 14
1047 604 3
1047 891 14
1048 71 29
1048 768 1
1048 1022 7
1048 1457 20
1048 1527 29
1048 1832 19
1048 1924 15
1049 453 4
1049 906 22
1049 1408 1
1049 1762 26
1049 2051 16
1049 2366 13
1051 2395 28
1051 2471 28
1052 343 9
1052 1520 26
1052 1780 8
1052 1821 12
1052 2169 24
1053 627 14
1053 651 23
1053 2035 12
1054 1202 27
1054 2243 6
1056 582 11
1056 2466 24
1057 587 12
1057 1530 16
1058 219 19
1058 1526 25
1059 1042 14
1059 1748 11
1059 2172 23
1060 2099 3
1061 95 9
1061 1573 3
1061 1686 18
1061 1695 5
1062 913 17
1062 2105 18
1062 2455 30
1063 1236 24
1063 1410 22
1063 2291 28
1063 2433 13
1064 382 30
1066 114 15
1066 173 12
1066 352 3
1066 1577 30
1067 2284 26
1068 892 26
1068 1117 12
1068 2050 22
1069 1489 23
1070 952 14
1070 1228 7
1070 1915 5
1070 2439 29
1071 1390 25
1071 1467 21
1072 1334 12
1072 2182 5
1072 2333 6
1073 1174 6
1074 225 6
1074 2162 8
1075 1223 23
1075 1609 10
1075 2319 16
1076 804 2
1076 1200 9
1076 1884 9
1076 2110 23
1076 2392 28
1077 308 21
1077 413 14
1077 1119 12
1077 1229 3
1077 2256 17
1078 755 12
1078 2319 28
1079 445 4
1079 636 15
1079 1470 11
1079 2107 26
1080 1038 20
1080 1539 17
1080 1784 22
1080 2270 10
1081 1535 4
1081 1577 13
1081 2111 21
1081 2225 8
1082 920 10
1083 1116 18
1084 299 5
1085 367 9
1085 960 3
1085 2243 6
1086 179 25
1086 1100 26
1086 1320 7
1086 1937 25
1087 406 19
1087 1522 4
1088 331 8
1088 896 2
1088 974 8
1088 2345 10
1088 2357 10
1088 2431 11
1089 1135 29
1089 1461 13
1090 306 17
1090 330 1
1090 1626 9
1090 1965 6
1091 554 17
1091 613 22
1092 1757 15
1092 2155 20
1092 2294 4
1092 2428 27
1093 607 20
1093 624 5
1093 2384 6
1094 462 16
1094 995 14
1095 198 8
1095 308 22
1095 369 8
1095 372 4
1095 738 28
1095 2493 24
1096 879 14
1096 961 23
1096 1713 1
1097 92 7
1098 643 22
1098 683 10
1098 1115 17
1098 1334 2
1098 1343 30
1099 709 29
1099 762 18
1099 1210 22
1099 2333 29
1100 161 15
1100 692 9
1100 807 21
1100 1741 21
1100 2144 20
1101 194 16
1101 892 9
1102 181 1
1102 626 21
1102 1873 15
1103 1062 17
1103 2499 4
1104 1908 22
1106 1916 30
1107 5 3
1108 1654 17
1109 224 19
1109 1873 26
1109 2046 30
1110 485 11
1110 969 27
1110 1268 29
1110 1737 3
1110 1910 28
1110 2345 15
1111 139 26
1111 1263 20
1112 1228 13
1112 1326 6
1114 1394 11
1115 642 4
1115 841 20
1115 1346 11
1115 1635 24
1115 1768 11
1116 204 23
1116 1926 9
1117 1320 19
1117 1608 15
1118 218 21
1118 376 25
1118 1666 23
1118 1956 16
1118 2089 17
1118 2205 22
1118 2402 10
1119 1377 25
1119 1549 10
1120 1385 28
1120 1704 17
1120 2326 13
1121 591 16
1121 1333 15
1122 982 7
1123 421 5
1123 880 29
1125 669 2
1125 1631 24
1125 2314 3
1127 318 7
1127 1517 27
1127 1655 6
1127 2130 19
1127 2148 29
1128 367 29
1128 932 29
1128 989 13
1128 1515 30
1128 1722 9
1130 29 28
1130 247 20
1130 1420 4
1130 1432 20
1130 1434 28
1130 1840 12
1130 2463 12
1131 2129 7
1132 813 28
1132 1564 13
1132 2014 4
1132 2338 14
1133 1300 25
1133 1584 19
1133 1969 20
1133 2027 23
1134 244 24
1134 323 18
1134 1423 25
1135 231 9
1135 276 21
1135 642 23
1135 669 27
1135 1358 18
1135 2088 11
1135 2091 26
1135 2221 9
1135 2455 9
1136 2183 8
1137 1671 8
1137 2055 10
1138 22 27
1138 1903 19
1138 1957 5
1138 2390 17
1139 124 8
1139 1615 8
1139 2311 28
1140 1197 15
1140 1446 5
1140 2073 2
1141 960 10
1141 1233 11
1141 2205 19
1142 138 29
1143 1929 30
1144 367 11
1144 665 14
1144 1367 18
1144 1498 5
1144 1756 14
1145 684 30
1145 2421 28
1146 360 11
1147 393 9
1147 1939 30
1147 2051 28
1148 130 17
1148 143 9
1148 724 27
1149 889 16
1149 1493 10
1149 2147 24
1149 2306 27
1149 2469 6
1150 422 10
1150 464 4
1150 704 13
1150 1517 29
1150 2062 18
1151 234 17
1151 950 30
1151 1222 20
1151 1739 19
1151 1928 10
1151 1992 18
1152 315 19
1153 1893 21
1153 2202 23
1154 1218 28
1154 2263 17
1155 968 6
1155 1244 19
1155 1936 6
1155 1939 8
1155 2443 27
1156 773 6
1157 917 5
1157 1498 14
1157 1522 6
1157 2051 2
1158 164 29
1158 1393 7
1159 246 17
1159 1097 17
1159 1316 12
1160 495 26
1160 1876 21
1161 1816 24
1162 246 16
1162 1433 30
1162 1500 2
1162 1789 7
1163 2111 19
1164 129 21
1164 630 17
1164 1251 28
1164 1617 1
1164 2085 29
1166 1009 20
1166 1562 28
1166 1658 15
1166 1813 18
1167 1166 16
1167 1375 21
1167 1394 25
1168 557 12
1168 934 18
1169 261 30
1170 697 17
1170 1749 23
1171 384 23
1171 441 8
1172 1883 29
1173 847 9
1173 2216 24
1174 668 2
1174 686 26
1174 978 14
1174 1173 25
1174 1500 11
1174 1505 14
1174 1681 18
1175 1217 17
1175 1515 2
1176 318 8
1176 944 25
1176 1277 22
1176 1420 30
1176 2024 23
1177 1019 11
1177 2174 27
1178 1213 30
1178 2339 28
1178 2389 12
1179 213 12
1179 357 15
1179 1915 16
1180 666 29
1180 1472 14
1181 80 2
1181 216 13
1181 352 28
1181 2437 1
1182 1512 3
1182 1528 6
1183 263 25
1183 1815 4
1184 1261 1
1185 146 30
1186 265 28
1186 1229 3
1186 2164 13
1187 51 7
1187 136 19
1187 1720 7
1187 1922 7
1187 2203 6
1187 2270 28
1188 594 6
1188 1244 28
1188 1583 30
1188 1594 3
1188 1919 27
1188 2248 20
1189 466 6
1189 890 8
1189 1293 4
1189 1817 21
1189 2181 28
1189 2492 9
1190 1527 15
1191 363 10
1192 518 6
1192 1167 15
1193 439 12
1193 1794 11
1194 647 1
1194 1533 7
1194 1574 3
1194 2063 1
1194 2070 26
1195 214 5
1195 1439 5
1195 1753 3
1195 2153 15
1196 577 3
1197 1473 9
1198 618 20
1198 1048 30
1198 1939 14
1198 2012 10
1199 12 22
1199 838 8
1199 2216 28
1200 1814 11
1201 822 14
1202 24 6
1202 378 14
1202 587 26
1203 109 25
1203 2357 22
1205 783 2
1205 1176 5
1205 1217 19
1205 1841 9
1205 1981 8
1206 32 29
1206 1521 9
1206 2458 7
1207 1433 23
1207 1496 1
1207 2169 2
1208 1658 27
1208 2132 6
1209 381 26
1209 1735 3
1210 175 8
1210 357 4
1210 975 23
1210 2043 30
1211 132 10
1211 2356 24
1212 23 21
1212 1465 17
1212 2173 21
1212 2437 23
1213 216 22
1213 293 18
1213 2201 28
1214 1660 18
1215 468 13
1215 709 19
1215 1353 11
1215 2087 9
1216 971 7
1216 1516 19
1217 1023 8
1217 1684 27
1217 2021 20
1217 2437 14
1218 542 11
1218 2041 20
1219 2337 8
1219 2402 7
1220 20 17
1220 115 3
1220 671 1
1220 677 25
1220 1004 7
1220 2376 15
1221 457 16
1221 664 8
1222 1450 8
1222 2160 28
1222 2243 24
1223 1020 21
1224 270 20
1224 990 16
1224 1291 8
1225 425 17
1225 509 25
1225 1201 12
1225 1408 27
1225 1754 5
1225 2460 20
1226 1159 25
1226 1327 16
1226 1642 20
1226 1740 21
1226 2068 5
1226 2405 3
1227 2406 23
1228 1761 16
1229 603 10
1229 1717 21
1229 2136 3
1229 2260 5
1229 2312 21
1230 567 19
1230 1425 11
1231 495 6
1231 1675 26
1231 2043 18
1232 816 5
1232 1497 23
1232 2017 3
1233 98 25
1233 992 12
1233 2377 18
1234 192 3
1235 845 28
1235 2447 4
1236 456 14
1236 1021 24
1237 334 9
1237 373 26
1237 559 10
1237 1475 16
1237 2066 15
1238 614 22
1238 634 12
1239 239 9
1239 1638 14
1239 2091 27
1240 1331 11
1241 2269 4
1242 470 21
1242 1094 15
1243 184 24
1243 211 1
1243 1422 17
1243 1888 21
1243 2345 26
1244 791 26
1244 1196 26
1244 1865 18
1244 1891 28
1245 12 20
1245 120 29
1245 973 8
1245 1400 14
1245 1765 18
1246 18 3
1246 615 28
1246 712 3
1246 889 3
1246 2221 15
1248 2476 12
1249 105 18
1249 1149 29
1249 1974 3
1249 2124 29
1249 2358 29
1249 2362 16
1250 285 18
1250 549 9
1250 1018 19
1250 1319 30
1250 2288 23
1250 2485 5
1251 948 1
1251 1375 1
1252 359 25
1252 971 18
1252 1882 26
1252 2423 20
1253 134 6
1253 241 16
1253 1285 10
1253 1326 26
1254 1374 15
1254 1512 15
1254 2282 6
1256 320 17
1256 1063 4
1256 1694 8
1256 1945 20
1256 2393 18
1257 2399 12
1258 192 29
1258 647 8
1259 192 14
1259 704 20
1259 1042 7
1259 1136 22
1259 1321 7
1259 1512 7
1259 2165 10
1260 741 28
1261 16 22
1261 44 14
1261 100 28
1261 615 22
1261 976 9
1262 1417 8
1262 2203 10
1263 1568 20
1264 2040 5
1264 2161 25
1264 2406 21
1264 2469 30
1265 1578 1
1266 99 6
1266 210 27
1267 1277 9
1268 8 9
1268 1874 27
1269 1212 20
1269 2488 27
1270 828 8
1271 581 19
1271 1027 26
1271 1455 21
1272 586 8
1272 825 2
1272 871 12
1272 1109 6
1272 1318 1
1272 1339 14
1272 2479 3
1273 619 22
1273 777 19
1273 1628 23
1273 2230 13
1273 2332 19
1275 115 30
1275 367 14
1275 609 9
1275 1087 4
1275 2348 30
1276 423 29
1276 2327 25
1277 805 30
1277 922 26
1277 1670 22
1278 300 9
1278 517 5
1278 2349 18
1279 183 28
1279 1038 23
1279 1736 25
1279 1858 8
1280 101 18
1281 36 7
1281 1003 15
1282 197 12
1282 821 11
1282 1756 20
1283 1169 12
1283 2395 24
1284 39 23
1284 442 3
1285 402 12
1285 1063 15
1286 1272 7
1286 1635 23
1287 754 6
1287 1992 21
1289 344 1
1289 418 9
1289 1799 12
1289 2434 21
1290 1034 3
1290 1643 12
1290 1730 17
1291 1880 16
1293 2392 12
1294 894 21
1294 937 3
1295 1115 1
1295 1621 5
1295 2197 19
1296 2121 9
1296 2470 22
1297 275 26
1297 544 23
1297 795 25
1297 1349 6
1297 1785 5
1297 1915 6
1297 2191 21
1298 771 19
1298 2191 30
1300 1530 24
1300 1531 25
1300 2032 29
1300 2438 16
1301 1809 30
1301 2428 11
1302 59 8
1302 1292 8
1302 2327 22
1303 219 29
1303 1263 2
1304 654 3
1304 1629 7
1304 2276 18
1305 548 6
1305 1044 19
1305 1726 12
1305 1926 7
1305 2104 23
1306 233 1
1306 1027 15
1306 1599 14
1306 2362 18
1307 272 29
1307 2133 9
1307 2164 15
1307 2473 3
1308 1294 6
1309 425 5
1309 636 13
1309 696 28
1309 854 20
1309 875 7
1309 1621 26
1309 2287 6
1309 2403 6
1310 731 6
1310 1879 5
1310 2479 5
1311 1504 19
1312 937 3
1312 1372 29
1312 1611 14
1312 2313 1
1313 1585 8
1313 2493 19
1314 2201 19
1316 15 19
1316 654 25
1317 2027 11
1317 2392 11
1318 577 9
1318 1304 17
1318 2317 20
1319 1311 8
1319 2245 17
1320 191 4
1320 1252 2
1320 1305 22
1320 2245 30
1320 2490 15
1321 331 19
1321 706 20
1321 1347 21
1321 1483 6
1321 1525 17
1321 1644 19
1321 2269 3
1322 567 13
1322 1612 15
1322 1993 22
1323 1345 16
1323 1635 5
1324 1011 27
1324 2093 8
1325 72 12
1325 1801 15
1325 2026 27
1325 2135 23
1325 2196 10
1326 1600 7
1326 1664 3
1326 1718 10
1326 2189 23
1328 284 15
1328 354 9
1328 839 9
1328 962 18
1330 2133 3
1331 204 23
1331 731 10
1331 1206 17
1331 2386 3
1332 642 21
1332 815 29
1332 1593 9
1332 1749 29
1332 2259 9
1333 111 3
1333 873 11
1333 893 16
1333 1195 16
1333 2117 18
1334 327 20
1334 1273 12
1336 90 26
1336 1737 24
1337 626 27
1337 691 22
1337 1508 16
1338 595 28
1338 860 28
1338 1341 10
1338 2307 29
1338 2402 13
1339 66 24
1339 1344 30
1340 726 21
1340 1398 12
1340 1596 2
1340 1756 5
1341 263 13
1342 27 10
1342 982 8
1342 1665 3
1342 1801 30
1343 1234 8
1343 1583 1
1343 1891 9
1344 729 10
1344 1818 11
1344 1838 16
1345 700 18
1345 1211 29
1346 1337 5
1346 2302 29
1347 221 24
1347 778 28
1347 1192 17
1348 15 7
1348 590 5
1348 1400 6
1349 24 26
1349 184 15
1349 657 27
1349 2350 8
1350 130 8
1350 609 26
1350 1093 21
1350 2425 11
1351 1353 19
1351 1715 25
1351 2172 23
1352 1919 28
1352 2001 2
1353 1591 25
1353 1631 19
1354 2067 1
1355 104 17
1355 362 27
1355 586 11
1355 1930 28
1355 2028 4
1356 512 20
1356 790 18
1356 1817 1
1356 2044 10
1357 816 11
1357 1906 28
1357 2322 27
1358 1751 9
1358 2107 25
1359 709 24
1359 1655 4
1359 2350 9
1360 922 20
1360 1734 12
1361 1357 8
1361 1946 7
1362 279 2
1362 1185 11
1363 586 25
1363 661 18
1363 1397 3
1364 1275 14
1364 1537 12
1364 2012 20
1364 2105 3
1365 20 12
1365 1396 6
1365 1490 21
1366 2239 14
1366 2498 3
1367 70 17
1367 1942 3
1368 780 20
1368 853 17
1368 1868 13
1369 418 22
1369 729 14
1369 1772 1
1370 640 30
1370 883 30
1370 1953 24
1371 1117 26
1371 1169 8
1372 245 6
1372 290 7
1373 235 8
1373 1721 4
1373 1810 30
1373 1825 18
1374 229 21
1374 356 9
1374 924 20
1375 926 4
1375 1109 20
1375 1280 1
1375 1478 28
1376 835 24
1376 1950 7
1377 435 11
1377 1945 7
1377 2490 1
1379 564 27
1379 1293 2
1379 2002 13
1379 2222 13
1380 1132 14
1380 1546 26
1381 2225 18
1382 96 6
1382 219 18
1382 578 18
1382 767 21
1383 274 13
1383 857 17
1383 890 18
1383 1458 11
1383 2197 24
1383 2414 22
1384 1207 10
1384 1240 3
1384 1446 12
1385 343 18
1385 381 15
1385 2234 7
1386 328 30
1386 939 15
1386 1293 27
1386 2090 23
1386 2307 13
1387 1201 29
1387 2162 21
1388 1731 14
1388 2067 25
1389 19 22
1389 148 18
1389 1237 29
1389 1896 27
1390 2325 13
1391 2077 8
1391 2102 2
1392 951 22
1393 383 25
1393 505 15
1393 1401 4
1394 1900 4
1394 2205 2
1395 96 14
1395 1532 19
1395 1635 15
1395 2285 15
1396 1856 22
1396 2242 18
1397 105 25
1397 996 6
1397 1996 25
1397 2086 24
1397 2101 20
1397 2176 13
1397 2319 8
1397 2411 25
1398 151 11
1398 215 28
1398 1336 8
1398 2459 27
1399 1073 20
1399 2125 17
1400 240 25
1400 695 8
1400 2406 21
1401 489 24
1401 965 2
1401 1436 13
1402 906 19
1402 1520 16
1402 1747 16
1402 1810 14
1403 537 9
1404 645 22
1404 1009 2
1404 1378 24
1404 2122 6
1405 283 15
1405 623 11
1406 66 30
1406 510 20
1406 1317 27
1406 2047 15
1406 2071 2
1407 702 9
1407 722 22
1407 823 18
1407 1003 11
1407 1018 20
1407 1073 25
1407 1108 29
1407 1616 1
1407 1922 3
1408 795 23
1408 2216 8
1409 873 23
1409 1447 17
1409 1810 9
1409 2332 5
1410 2085 27
1411 2256 16
1411 2270 13
1412 164 2
1412 197 25
1413 43 26
1413 1154 25
1413 1917 18
1413 2071 1
1413 2106 10
1413 2234 20
1413 2374 23
1413 2415 21
1414 90 9
1414 131 29
1414 1467 14
1414 1756 9
1414 2052 21
1415 322 1
1415 853 20
1415 2436 2
1416 71 17
1416 240 18
1416 902 2
1416 1552 19
1416 2016 3
1417 282 1
1417 1379 12
1417 1554 11
1417 1588 10
1417 1594 8
1417 1867 29
1417 2066 17
1418 46 12
1418 1511 30
1418 1858 11
1419 477 7
1419 1077 24
1419 1576 20
1420 297 8
1421 1262 25
1422 723 2
1422 1646 22
1422 1662 8
1422 1975 10
1422 1990 20
1422 2277 21
1422 2382 18
1423 1998 2
1424 996 22
1425 1452 7
1425 2080 3
1425 2187 30
1426 237 17
1426 2030 26
1426 2137 19
1426 2418 11
1428 1037 27
1428 2303 22
1429 1662 13
1430 732 28
1430 835 21
1431 1108 11
1431 1572 14
1431 1650 3
1431 1687 2
1431 2360 25
1431 2475 9
1432 531 17
1433 247 6
1433 303 8
1433 709 12
1434 1214 7
1434 1312 21
1435 613 19
1435 897 16
1436 353 11
1436 643 1
1436 667 26
1436 1015 4
1436 1092 14
1436 1404 24
1436 1563 7
1436 2288 14
1436 2484 10
1437 778 24
1437 786 24
1437 1185 12
1437 1578 20
1437 1813 7
1437 1876 24
1438 888 17
1438 1530 27
1438 1993 4
1439 591 1
1439 2271 21
1440 599 27
1440 1203 17
1441 368 30
1441 2018 14
1442 122 14
1442 664 29
1442 971 17
1442 2239 21
1442 2418 20
1443 85 27
1443 745 28
1443 1132 22
1444 184 27
1444 1002 23
1444 1269 25
1444 2257 3
1445 2054 17
1446 1743 23
1447 840 16
1447 1263 18
1447 1422 17
1447 1875 1
1447 2323 30
1448 805 6
1448 2436 7
1449 1160 23
1449 1774 15
1451 305 25
1451 336 19
1451 642 7
1451 1531 16
1451 1596 15
1451 1912 15
1451 2326 7
1451 2349 20
1451 2498 28
1452 406 5
1452 468 6
1452 2018 10
1453 1196 24
1453 1781 24
1454 113 8
1454 372 7
1454 1313 21
1454 1883 30
1454 2270 2
1455 229 23
1455 1466 8
1455 1539 24
1456 956 30
1456 1032 26
1456 2242 10
1457 1892 30
1457 2190 25
1457 2242 8
1457 2332 28
1458 600 9
1458 734 14
1458 984 22
1458 2369 27
1459 347 20
1459 1761 29
1460 357 4
1460 779 4
1460 1346 5
1460 2093 23
1461 1417 23
1461 1777 2
1462 376 29
1462 1340 3
1462 1531 17
1462 1712 22
1463 1063 10
1463 1310 24
1463 1779 4
1463 2182 1
1464 16 17
1464 611 18
1464 791 1
1464 1294 10
1465 609 9
1465 1200 26
1465 1845 12
1466 2371 8
1466 2479 12
1467 2459 11
1468 618 27
1468 1453 12
1468 2051 24
1469 765 19
1469 862 9
1469 1087 13
1469 1235 9
1469 1236 4
1471 1407 8
1471 2312 6
1471 2318 26
1471 2345 30
1472 863 7
1472 2323 16
1473 130 24
1473 182 15
1473 576 30
1473 1918 3
1475 23 30
1475 876 3
1475 2312 26
1476 813 16
1478 874 13
1478 1319 26
1478 1769 26
1478 1996 21
1479 672 13
1479 2124 29
1480 644 21
1480 1199 16
1481 141 9
1481 1035 17
1482 207 27
1483 54 2
1483 404 27
1483 1799 27
1484 658 6
1484 1845 28
1485 365 30
1485 580 5
1485 1638 3
1486 364 26
1486 2453 26
1487 1299 1
1487 1401 11
1487 1443 20
1487 1470 7
1487 1764 10
1487 1903 14
1487 2223 7
1489 559 5
1489 1486 9
1490 60 22
1490 416 17
1490 1397 26
1490 2049 9
1490 2118 29
1491 999 30
1491 1358 7
1491 1641 19
1492 102 15
1492 2116 7
1493 694 28
1493 914 12
1493 1185 30
1493 1427 16
1493 1728 8
1493 2035 5
1493 2291 13
1493 2465 8
1494 713 9
1494 1449 15
1494 1654 25
1495 558 27
1495 717 7
1495 1292 5
1496 16 16
1496 1206 14
1496 1345 7
1496 1804 29
1496 1967 20
1496 2345 3
1497 199 30
1498 1451 3
1498 1671 19
1499 152 17
1499 709 12
1499 1399 9
1499 2168 17
1499 2217 10
1500 883 20
1501 743 23
1501 1031 9
1501 2134 17
1502 918 4
1502 1154 8
1503 886 2
1503 1589 4
1503 2158 5
1503 2265 7
1504 149 3
1504 678 5
1504 1834 13
1505 584 27
1505 2199 1
1506 300 20
1506 602 23
1506 1457 16
1507 1463 3
1507 1578 21
1507 1843 15
1507 2010 14
1507 2043 23
1508 592 6
1508 1066 16
1508 1147 3
1509 1477 22
1510 599 19
1510 635 12
1510 1262 8
1512 484 29
1512 1043 1
1512 1887 1
1512 2230 7
1513 1946 9
1513 2360 26
1514 337 6
1514 1318 2
1514 1661 21
1515 1866 10
1516 517 8
1516 1232 15
1516 1745 15
1516 2168 21
1517 322 3
1517 2168 15
1518 1280 10
1519 260 26
1519 837 1
1519 1170 4
1519 1715 8
1520 616 7
1520 977 17
1520 1450 1
1520 1575 12
1520 1920 2
1521 1771 25
1521 2246 25
1522 42 21
1522 528 6
1523 221 3
1523 1133 11
1523 1341 28
1523 1516 25
1524 2062 9
1524 2329 28
1526 1074 12
1527 43 14
1527 118 30
1527 511 25
1527 1032 24
1527 1648 7
1528 880 9
1528 1458 30
1528 1739 19
1528 1924 12
1528 2281 6
1529 274 28
1529 949 29
1529 986 28
1530 672 23
1530 980 6
1530 1572 4
1530 2033 9
1530 2491 28
1531 1734 7
1531 1881 11
1532 559 23
1533 415 2
1533 1445 23
1533 1911 20
1534 171 26
1534 218 3
1534 1158 10
1534 2225 12
1535 27 11
1535 846 7
1535 2137 15
1535 2444 16
1537 1011 6
1537 1070 9
1537 1268 1
1537 1479 5
1538 98 18
1538 819 30
1538 948 23
1538 2095 21
1539 183 6
1539 793 13
1540 76 19
1540 124 3
1540 1560 5
1540 2370 16
1540 2441 29
1541 715 14
1542 898 6
1542 1034 27
1542 1244 16
1542 1594 20
1543 690 28
1543 825 8
1543 1235 1
1543 1600 15
1543 1756 2
1543 1927 10
1543 2366 26
1544 61 4
1544 354 9
1544 2271 11
1545 1826 19
1545 2398 6
1547 148 19
1547 288 12
1547 316 10
1547 1102 28
1547 2484 11
1548 807 25
1548 1260 10
1548 1531 8
1549 102 7
1549 142 28
1549 742 3
1549 1233 3
1549 2117 6
1550 754 23
1550 824 8
1550 1889 11
1550 2240 19
1551 14 23
1551 216 30
1551 297 9
1551 595 22
1551 2016 30
1551 2075 23
1552 578 15
1552 591 2
1552 1231 11
1552 2325 18
1553 1663 10
1553 1946 13
1553 2196 29
1554 865 7
1555 144 1
1555 739 10
1556 55 17
1556 131 21
1556 794 20
1556 2367 3
1556 2438 30
1557 1158 20
1557 1234 1
1557 1635 20
1557 1747 14
1557 2077 3
1558 1438 17
1559 1676 6
1559 2223 11
1560 1135 27
1560 1752 16
1560 2315 25
1561 1739 18
1562 91 24
1562 883 17
1562 1682 9
1563 1046 9
1563 1456 1
1564 1271 10
1564 1683 19
1565 759 11
1565 2232 11
1566 2106 23
1566 2192 9
1567 1863 18
1567 2143 23
1568 215 18
1568 949 26
1569 1323 5
1569 1399 29
1569 2486 28
1570 994 27
1570 2037 10
1570 2493 28
1571 896 16
1571 904 23
1571 2045 22
1571 2355 2
1572 1539 20
1573 189 2
1573 945 20
1573 1440 6
1574 1670 27
1574 1687 29
1574 2387 21
1575 107 5
1575 515 7
1575 690 29
1577 521 27
1578 1960 9
1579 680 9
1579 1076 29
1579 2342 11
1580 37 1
1580 1716 7
1580 1991 28
1581 294 16
1581 696 16
1581 1124 15
1581 1750 12
1582 1667 7
1582 1672 4
1582 1917 8
1583 754 8
1583 1257 1
1585 259 15
1585 776 1
1585 1131 23
1585 2038 8
1586 119 12
1586 149 16
1586 763 19
1586 1530 17
1586 2204 4
1586 2311 17
1587 125 8
1587 1128 30
1587 1298 24
1587 1547 28
1588 490 19
1588 1030 24
1588 1466 29
1588 2071 17
1589 870 4
1589 1316 21
1590 181 16
1590 494 2
1590 2184 6
1590 2381 23
1590 2433 8
1591 432 10
1591 721 21
1592 841 12
1592 2322 17
1593 1327 29
1593 2009 4
1594 203 24
1594 251 29
1594 1574 18
1595 479 23
1596 272 10
1596 333 4
1596 1156 12
1596 1229 19
1596 1235 29
1597 543 28
1597 1823 18
1597 2497 29
1598 879 13
1598 1500 15
1598 1618 9
1598 2263 6
1599 4 5
1599 645 25
1599 1315 10
1599 2048 26
1600 1567 2
1601 1696 3
1601 2175 23
1601 2498 25
1602 716 10
1602 2062 2
1603 171 7
1603 182 13
1603 843 11
1604 489 5
1604 1395 17
1604 1500 26
1605 800 25
1605 1153 4
1605 1898 18
1605 2113 27
1606 110 29
1606 848 21
1606 1383 15
1606 1565 28
1606 2451 19
1607 623 2
1607 1197 18
1607 2184 23
1608 1841 8
1608 1903 26
1608 2126 21
1609 650 13
1609 1788 20
1609 1998 22
1610 864 30
1611 774 14
1611 1633 24
1612 1290 22
1612 1952 30
1613 363 25
1613 365 24
1613 846 6
1613 905 30
1613 2006 26
1614 746 11
1614 760 16
1614 1232 21
1614 1744 5
1614 1777 19
1615 206 8
1615 913 1
1615 2227 18
1615 2236 29
1616 1811 7
1617 102 7
1617 711 9
1617 1658 30
1617 2007 24
1618 58 23
1618 252 8
1618 2118 19
1618 2220 13
1619 317 12
1619 441 30
1619 655 4
1619 670 11
1620 69 13
1620 262 19
1620 729 24
1620 995 4
1620 1884 6
1621 2164 9
1622 1231 10
1622 1763 5
1624 660 4
1625 1525 12
1625 2039 20
1625 2061 16
1626 1423 16
1626 1489 30
1626 1533 16
1626 1975 9
1627 56 9
1628 112 6
1628 421 7
1628 1826 7
1629 1903 6
1629 1998 7
1629 2200 30
1629 2403 28
1630 536 6
1630 701 18
1630 1417 3
1630 2155 9
1631 1860 18
1632 174 6
1632 1300 11
1632 2257 22
1633 347 17
1633 579 4
1633 977 26
1633 1564 22
1633 2285 5
1634 112 27
1634 617 26
1634 761 8
1634 1298 8
1634 2474 7
1635 1706 16
1635 1784 15
1636 1473 28
1636 2410 1
1638 39 15
1638 633 29
1638 2087 6
1639 622 22
1639 1149 5
1639 1662 11
1639 2184 20
1640 245 5
1640 1975 8
1640 2115 25
1641 288 14
1641 438 2
1641 2444 3
1642 70 23
1642 635 8
1643 213 5
1643 258 15
1643 658 16
1643 954 8
1643 1543 2
1643 2420 7
1644 1201 12
1645 182 28
1645 1229 24
1645 1310 12
1645 1530 5
1645 1817 22
1645 2284 27
1646 527 11
1647 758 19
1647 1551 19
1648 196 26
1648 2034 17
1649 124 24
1649 555 17
1650 38 22
1650 2078 4
1651 373 6
1651 902 18
1651 1786 3
1651 2408 22
1652 141 1
1652 1547 5
1652 1593 16
1652 2057 24
1653 193 4
1653 1280 20
1654 143 30
1655 1123 19
1655 2298 19
1656 251 23
1656 404 17
1657 308 23
1657 933 12
1657 1350 10
1657 1808 4
1658 278 16
1658 624 1
1659 43 22
1659 710 18
1659 1248 11
1659 1842 10
1661 1088 13
1661 1149 20
1661 1197 25
1661 1385 21
1662 1811 3
1662 2044 20
1663 748 26
1663 1789 20
1664 2022 14
1665 986 9
1665 1964 12
1667 731 18
1667 2403 24
1668 92 27
1670 1440 13
1671 165 13
1671 682 18
1671 1030 23
1671 1425 2
1671 1655 10
1671 2370 9
1672 344 16
1672 469 21
1672 1149 10
1672 1331 11
1672 1487 28
1672 2337 10
1673 87 2
1673 768 16
1673 1165 13
1674 309 3
1674 883 28
1674 1254 2
1675 507 27
1675 566 19
1675 617 4
1675 2034 8
1677 938 6
1677 2025 15
1678 748 21
1678 1619 15
1678 2262 26
1679 1367 1
1680 740 30
1680 1151 23
1680 1926 13
1680 2337 13
1681 2460 10
1682 645 6
1682 1084 6
1682 1881 20
1682 2162 6
1683 149 21
1684 1020 2
1685 1558 16
1685 2410 1
1686 1350 30
1686 2184 17
1687 368 24
1687 943 7
1687 1771 29
1688 440 18
1689 670 4
1689 757 22
1690 275 14
1691 2454 14
1692 1623 25
1692 2129 13
1692 2424 12
1693 577 9
1693 1124 3
1693 1433 18
1694 638 27
1694 2195 3
1694 2254 17
1695 172 19
1695 836 16
1695 1507 29
1695 1830 20
1696 726 13
1696 764 26
1696 867 1
1696 935 18
1696 2431 16
1697 1447 3
1697 1759 25
1698 53 8
1698 78 24
1698 95 12
1698 191 1
1698 1025 30
1698 1510 2
1698 1940 18
1698 2463 25
1699 81 24
1700 313 23
1700 333 1
1700 359 10
1700 2436 5
1701 355 12
1701 610 11
1701 1144 30
1701 1478 29
1701 1923 7
1702 218 2
1702 895 15
1703 61 17
1703 2421 9
1704 198 6
1704 1730 6
1704 2023 21
1705 744 1
1705 902 29
1705 2021 1
1705 2338 9
1706 2184 23
1706 2214 17
1707 129 16
1707 280 16
1707 712 28
1707 892 9
1707 1731 7
1707 1860 22
1707 2239 18
1707 2467 1
1707 2479 7
1708 162 3
1708 318 23
1708 696 8
1708 796 29
1708 2317 4
1708 2350 18
1709 2183 28
1710 1545 24
1710 2183 24
1711 1433 30
1712 416 1
1712 1840 2
1713 79 8
1713 518 6
1713 550 30
1713 1077 21
1713 2469 28
1714 2436 28
1715 663 13
1716 831 6
1717 178 20
1717 1510 29
1719 354 14
1719 1525 27
1720 901 19
1720 910 14
1720 2019 3
1720 2160 2
1720 2416 1
1721 1574 25
1721 2071 8
1721 2375 3
1722 1388 18
1723 121 15
1723 416 24
1723 1120 13
1723 1502 3
1723 1997 21
1723 2469 7
1724 1833 18
1724 2398 12
1725 1680 7
1725 1684 12
1726 2272 12
1727 701 4
1727 1632 11
1728 1226 2
1728 1577 1
1728 2102 30
1729 424 6
1729 2414 29
1730 882 11
1730 2026 4
1731 290 12
1731 353 7
1731 1333 14
1731 1638 25
1731 2242 1
1732 140 15
1732 228 17
1732 409 17
1732 473 22
1732 1194 12
1732 1714 26
1732 2076 29
1733 1255 5
1733 2387 9
1734 527 23
1734 771 25
1734 898 7
1734 924 2
1734 1685 29
1735 2016 5
1736 883 13
1737 1471 10
1737 1578 8
1738 879 15
1738 1199 3
1740 1962 30
1741 3 14
1741 56 8
1741 1646 28
1742 771 24
1742 2221 3
1743 607 1
1743 774 22
1743 2245 17
1744 1007 17
1745 355 14
1745 1184 23
1745 1802 4
1745 2037 23
1745 2448 7
1746 466 15
1746 1086 18
1746 2210 5
1747 578 19
1748 456 18
1748 1094 19
1749 923 5
1749 1277 16
1749 1450 20
1750 1246 3
1751 2142 20
1752 215 25
1752 1282 4
1753 820 19
1753 1053 9
1754 16 6
1754 73 19
1754 1369 15
1755 2299 5
1756 1121 8
1756 1136 30
1756 1768 8
1756 2275 9
1757 323 14
1758 142 16
1758 915 25
1758 1190 27
1758 1523 8
1758 2296 20
1758 2302 11
1758 2338 14
1760 571 4
1760 978 29
1760 1689 10
1762 1720 14
1764 65 8
1764 2277 28
1765 261 11
1765 629 24
1765 633 10
1766 525 13
1766 965 5
1766 1790 4
1766 2455 17
1767 163 16
1767 2173 4
1768 72 14
1768 320 4
1768 462 10
1768 783 19
1768 1970 3
1769 1489 10
1770 119 26
1770 318 3
1770 786 23
1770 1893 3
1770 2195 28
1772 1624 11
1772 2010 2
1773 1020 9
1773 1553 22
1773 2141 16
1773 2174 5
1773 2355 12
1773 2357 17
1774 72 18
1774 1031 11
1775 365 15
1775 392 28
1775 568 4
1775 1211 16
1775 1695 3
1775 2229 1
1776 1496 19
1776 2453 11
1777 386 16
1777 453 14
1777 1152 24
1778 192 11
1778 2068 24
1779 213 4
1779 401 13
1779 1111 3
1779 1302 21
1780 312 16
1780 720 17
1780 999 23
1780 2206 5
1781 306 19
1782 151 25
1782 685 5
1783 730 10
1783 1920 2
1784 260 9
1784 820 13
1784 1523 18
1784 2026 27
1784 2087 24
1785 325 24
1785 1414 16
1786 578 19
1786 1306 9
1787 1502 10
1788 157 19
1788 551 19
1788 1575 20
1788 1799 26
1788 1874 3
1788 1928 6
1789 1838 28
1789 1985 26
1790 725 9
1790 1403 11
1790 1566 20
1791 969 30
1791 1882 18
1792 1093 28
1792 1196 14
1792 1833 14
1792 2225 16
1794 1423 8
1795 2454 18
1796 1373 18
1796 1606 9
1796 1649 19
1796 1801 30
1797 305 19
1797 1667 15
1798 1100 23
1798 1284 12
1798 1765 22
1798 2016 4
1799 94 13
1799 1969 2
1800 210 14
1800 528 1
1800 1405 13
1800 1814 2
1800 1946 3
1801 2158 18
1802 584 29
1802 631 20
1802 1041 19
1803 1109 1
1803 1535 1
1803 1627 10
1803 2010 18
1804 1732 28
1805 99 23
1805 423 23
1805 1067 14
1805 1663 1
1806 5 3
1806 1624 1
1807 1448 1
1807 1800 21
1807 2067 22
1808 39 11
1808 776 27
1808 1717 7
1809 1268 23
1809 2278 10
1810 122 10
1810 2021 27
1811 227 11
1811 1263 15
1811 1329 27
1811 1462 16
1812 316 16
1813 292 22
1813 747 25
1813 1060 15
1813 1947 11
1813 2054 13
1814 182 15
1814 581 4
1814 1088 14
1814 1324 25
1814 1327 1
1814 1925 7
1814 2056 17
1814 2181 6
1815 402 29
1816 1308 11
1816 1470 28
1816 1619 21
1817 1051 23
1818 1418 20
1819 2181 2
1820 470 19
1820 631 26
1820 2047 16
1820 2454 29
1820 2484 27
1821 883 12
1821 1491 1
1821 1658 11
1821 1675 8
1822 413 8
1822 676 27
1822 1230 29
1822 1725 3
1823 557 11
1823 1664 2
1823 1707 7
1823 1809 17
1824 108 5
1824 669 21
1824 995 11
1824 1395 27
1825 131 19
1825 780 20
1825 2029 3
1826 1141 17
1826 2349 30
1827 126 30
1827 600 7
1827 761 23
1828 653 19
1828 1597 30
1829 1313 3
1829 1323 6
1829 1545 15
1829 1559 23
1830 1414 24
1830 1995 26
1831 1481 16
1831 2076 5
1831 2476 26
1832 47 23
1832 810 23
1832 1732 16
1832 1743 17
1832 2133 25
1833 262 9
1833 309 16
1833 1060 11
1833 1888 5
1834 265 6
1834 272 14
1834 275 2
1834 1477 16
1834 2490 3
1835 846 4
1835 1354 2
1835 1590 24
1835 1652 25
1835 2339 30
1836 469 8
1836 2482 6
1837 1113 30
1837 1368 3
1837 1695 11
1837 1724 6
1838 1861 25
1838 2461 5
1839 1223 24
1839 1338 2
1839 1342 1
1840 1609 11
1840 1726 25
1840 2363 23
1841 357 26
1842 888 3
1843 959 9
1843 1433 27
1844 755 18
1844 1048 19
1844 1102 1
1844 1581 15
1845 849 2
1845 903 24
1845 1456 30
1845 2289 4
1846 182 19
1846 1548 23
1846 2150 20
1847 646 14
1847 1617 15
1847 1634 27
1848 973 19
1848 1368 6
1848 1556 29
1850 456 21
1850 1468 11
1851 1480 16
1851 1698 17
1852 1059 4
1852 2197 17
1853 121 9
1854 238 6
1854 395 3
1854 827 23
1854 2184 24
1855 49 6
1855 77 1
1855 793 20
1855 1520 15
1856 495 20
1856 648 12
1856 878 30
1857 294 13
1858 373 6
1858 724 21
1859 1406 9
1859 1435 24
1860 565 14
1861 209 28
1861 1498 29
1861 1550 20
1863 759 16
1863 1628 9
1864 2012 25
1865 2009 15
1865 2012 22
1865 2055 5
1866 248 22
1866 387 30
1866 465 1
1866 797 8
1866 1192 9
1867 269 6
1867 412 11
1867 430 1
1867 544 29
1867 691 8
1867 923 24
1867 2029 10
1868 271 22
1868 1054 5
1868 1257 22
1869 1008 21
1869 1292 17
1870 2381 27
1871 636 4
1871 1715 25
1871 1761 12
1872 958 9
1873 212 14
1873 219 11
1873 1210 28
1873 1348 30
1873 1993 11
1874 723 22
1874 745 6
1874 1025 2
1874 1154 18
1875 394 27
1875 1286 2
1875 1445 18
1875 1782 4
1876 862 2
1878 684 16
1878 1406 6
1879 880 24
1879 975 6
1879 992 13
1880 974 17
1880 1146 16
1880 1462 5
1881 1309 21
1881 1331 7
1881 1464 17
1882 75 30
1882 788 25
1883 130 20
1883 381 24
1883 2291 6
1884 2062 28
1884 2289 30
1885 530 8
1885 1377 25
1885 1683 29
1885 2014 19
1885 2308 8
1885 2494 26
1886 543 12
1886 810 26
1886 1530 22
1887 131 5
1887 1160 5
1887 1301 17
1887 2413 6
1888 50 20
1888 676 23
1888 2274 22
1889 260 26
1889 289 27
1889 302 30
1890 49 11
1890 78 1
1890 416 21
1890 674 9
1890 697 18
1891 485 12
1892 834 3
1892 1160 29
1893 2078 27
1893 2335 30
1894 161 27
1894 2327 26
1895 320 30
1895 1131 13
1895 1307 16
1896 295 18
1896 1048 13
1896 1785 11
1896 2153 21
1897 398 8
1897 1439 2
1897 2491 26
1898 1385 4
1899 621 11
1899 1712 23
1900 118 16
1900 640 3
1900 2429 14
1901 422 3
1901 1137 29
1901 1170 14
1901 1446 5
1901 1916 22
1901 2436 26
1902 312 13
1903 477 1
1903 1446 7
1903 2239 7
1904 1482 29
1904 1577 3
1905 156 6
1905 813 17
1905 1156 21
1905 1762 5
1906 369 30
1907 80 6
1907 459 14
1907 805 4
1907 1699 17
1908 1350 5
1908 2420 11
1909 778 10
1909 1410 22
1909 2268 6
1911 616 20
1911 861 14
1911 908 21
1911 1208 14
1912 293 20
1912 1417 23
1912 1477 5
1913 1514 3
1913 2084 27
1914 1764 26
1916 591 20
1916 617 1
1916 1140 26
1917 263 18
1917 427 7
1917 428 16
1917 429 20
1917 2086 5
1918 517 3
1918 1143 10
1919 59 9
1919 1215 24
1920 437 8
1920 453 15
1920 1284 27
1920 2394 24
1921 931 19
1921 1809 29
1921 2333 25
1922 830 2
1922 903 4
1922 1597 15
1922 1608 7
1922 2342 17
1923 197 28
1923 1090 26
1923 1913 9
1923 2364 2
1924 380 20
1924 721 28
1924 1492 19
1924 1650 9
1924 2083 20
1925 217 14
1925 366 26
1925 1591 27
1925 2152 30
1926 353 8
1926 1233 1
1926 1750 24
1927 625 9
1928 1018 1
1928 1060 17
1928 1105 16
1928 2441 15
1928 2492 13
1929 38 1
1929 455 25
1929 550 11
1929 734 26
1929 1243 26
1929 1260 6
1929 1585 10
1929 1694 3
1930 1964 22
1930 2211 29
1930 2234 20
1931 677 23
1931 999 23
1933 1149 10
1934 222 20
1934 1841 11
1934 2323 10
1935 105 1
1935 918 17
1935 2114 6
1936 984 27
1936 1346 8
1937 1546 5
1937 2473 19
1938 374 1
1938 1752 13
1938 2241 20
1939 852 9
1940 1613 21
1940 2285 26
1941 78 21
1941 469 21
1941 2115 21
1941 2481 23
1942 2001 16
1942 2377 8
1944 1779 28
1945 414 17
1945 1740 2
1945 2252 12
1946 98 8
1946 136 22
1946 262 4
1946 1724 22
1947 1325 23
1947 1661 15
1947 1813 24
1947 2092 2
1947 2324 15
1948 975 10
1949 249 29
1949 575 4
1949 1402 9
1950 1591 25
1950 2375 22
1951 40 9
1951 140 8
1951 1040 3
1952 362 9
1952 2133 20
1953 857 29
1953 1118 29
1953 1214 10
1953 2159 11
1954 265 13
1954 457 18
1954 1093 18
1954 1486 3
1954 2479 26
1955 320 12
1955 1435 14
1955 2417 3
1957 703 25
1957 1926 9
1958 64 16
1958 187 17
1958 550 23
1958 554 10
1958 951 10
1958 1038 29
1959 528 19
1959 1144 1
1960 876 2
1960 1075 20
1960 2044 25
1961 186 16
1961 352 20
1961 1803 24
1961 2243 18
1962 1166 29
1962 1660 13
1962 2092 8
1963 763 27
1963 1377 15
1963 1496 18
1964 224 10
1964 807 2
1964 865 28
1964 1049 12
1965 548 19
1965 1911 9
1966 189 17
1967 317 14
1967 1417 25
1967 2483 25
1968 1224 29
1968 1296 3
1968 1506 17
1968 1534 8
1968 2069 12
1968 2486 7
1969 283 19
1969 627 4
1969 863 9
1969 1114 8
1969 1817 29
1969 2227 24
1970 853 27
1970 1057 14
1971 41 3
1971 606 25
1971 1010 27
1972 1150 11
1972 1548 14
1972 1722 3
1972 2197 28
1973 795 15
1973 1364 26
1973 1449 17
1973 1543 18
1973 1764 14
1973 2022 17
1973 2404 4
1974 1223 27
1974 1659 11
1974 2107 28
1974 2158 26
1975 851 13
1975 1238 6
1975 1563 25
1976 464 17
1976 550 4
1976 1312 13
1976 1449 20
1976 1616 12
1976 1763 12
1976 2036 10
1976 2215 27
1977 270 9
1978 1136 24
1978 2119 22
1979 1580 25
1979 2233 12
1980 45 2
1980 2079 8
1980 2465 14
1981 379 21
1982 288 22
1982 836 9
1983 2070 8
1984 98 1
1984 913 22
1984 1157 24
1984 1573 4
1985 513 11
1986 1344 27
1986 2457 23
1987 545 28
1987 674 1
1987 1530 20
1988 566 22
1988 1470 17
1988 2425 24
1989 331 27
1989 473 29
1990 1884 27
1990 2073 8
1991 394 8
1991 689 24
1991 1762 8
1991 2236 23
1992 1777 7
1993 24 3
1993 2016 4
1995 201 8
1995 707 10
1995 792 17
1995 1305 28
1995 1681 24
1995 1942 17
1996 595 27
1996 2213 16
1996 2482 1
1997 785 13
1998 332 20
1998 601 11
1998 1930 1
1998 1964 4
1999 1859 8
2000 45 1
2000 312 24
2000 1793 21
2000 1803 18
2000 2383 9
2001 1013 17
2001 1150 8
2001 1856 5
2001 2083 17
2002 445 15
2002 823 20
2003 460 24
2003 2246 30
2004 1434 26
2004 2211 26
2005 1129 3
2005 1189 3
2006 257 28
2006 1056 12
2006 1619 23
2007 341 13
2007 1216 20
2007 1710 11
2007 1945 28
2007 2135 20
2007 2224 23
2008 125 9
2008 1635 22
2008 2087 23
2009 897 13
2009 1258 21
2010 576 16
2011 2077 28
2012 148 12
2012 1695 25
2012 1797 6
2012 2329 20
2013 963 2
2013 1191 2
2013 1299 6
2013 1898 8
2014 102 22
2014 1282 22
2015 1624 7
2016 261 17
2016 479 9
2016 991 2
2016 1447 12
2017 92 6
2017 2384 13
2018 620 26
2018 1994 10
2018 2345 24
2019 526 6
2019 815 30
2020 488 14
2020 646 21
2021 545 8
2021 2453 5
2023 603 5
2023 889 12
2023 1416 26
2023 1755 20
2023 1969 1
2023 2425 29
2024 16 6
2024 2061 6
2024 2294 18
2025 1669 7
2026 68 30
2026 1245 16
2026 1741 15
2026 2486 21
2027 1207 7
2027 1523 13
2027 1537 29
2027 1711 15
2027 1858 14
2027 1913 2
2028 482 13
2029 1154 18
2029 1985 19
2030 316 22
2030 2225 12
2031 290 25
2031 482 13
2031 935 17
2031 1558 7
2031 1685 21
2031 2187 21
2032 54 3
2033 662 2
2033 1691 8
2033 1700 15
2033 2226 3
2034 313 6
2034 2065 20
2034 2183 30
2035 21 16
2035 1349 27
2035 1881 29
2035 2029 1
2036 1042 3
2036 2289 11
2036 2400 29
2037 210 7
2037 1098 2
2037 1399 5
2037 1477 13
2038 584 3
2038 1053 17
2038 1129 30
2038 1828 22
2039 72 1
2039 822 3
2039 1319 8
2039 2156 13
2040 1 19
2040 101 6
2040 107 25
2040 1496 2
2040 1594 8
2040 1748 19
2041 1811 1
2042 801 22
2042 1587 13
2043 771 29
2043 819 4
2044 492 4
2044 589 14
2044 1935 22
2045 824 3
2045 1151 6
2045 1811 24
2046 323 5
2046 514 26
2046 1447 22
2047 203 6
2048 2070 30
2049 40 4
2049 208 9
2049 221 9
2049 254 4
2050 749 22
2050 1654 1
2051 146 28
2051 732 29
2051 2280 13
2052 878 9
2052 1272 26
2052 1682 30
2052 2022 2
2053 1164 3
2054 206 18
2054 312 2
2054 980 17
2054 1099 30
2054 1553 22
2054 1917 20
2054 2272 3
2055 208 5
2055 532 11
2055 959 27
2055 1362 2
2055 2289 26
2056 246 24
2056 497 27
2057 60 17
2057 1227 29
2057 1821 27
2057 1880 21
2058 801 29
2058 1163 5
2058 1620 16
2059 84 20
2059 126 27
2059 622 5
2059 1054 10
2059 2296 9
2060 767 13
2060 2087 27
2060 2423 8
2061 2405 14
2062 571 30
2062 902 17
2063 13 8
2063 358 8
2063 663 16
2063 2265 29
2064 2393 19
2065 1578 11
2066 136 26
2066 442 21
2066 1935 29
2066 2238 27
2067 1044 16
2067 1470 22
2067 2400 24
2068 698 24
2068 1533 21
2068 1595 12
2068 1859 6
2069 662 11
2070 2358 8
2071 283 13
2071 978 23
2071 1300 4
2071 1384 18
2071 1902 24
2072 106 4
2072 426 22
2072 904 21
2073 813 4
2073 1778 28
2074 71 20
2074 301 20
2074 1409 5
2076 290 19
2076 555 28
2076 1018 25
2076 1217 7
2076 1218 30
2076 1649 12
2077 25 19
2077 1055 28
2077 1700 9
2077 2108 4
2077 2434 20
2079 1422 24
2079 1515 19
2079 2122 2
2080 1939 27
2081 1432 25
2081 1513 12
2083 288 26
2083 492 29
2084 1880 26
2084 2112 29
2084 2189 16
2085 630 20
2085 1115 24
2086 261 8
2086 1087 10
2086 1527 27
2086 1537 27
2087 1323 21
2088 419 9
2088 1151 23
2088 1429 9
2088 2237 28
2089 763 17
2089 1294 7
2089 1421 27
2089 2223 29
2090 647 25
2090 1768 16
2091 531 29
2092 135 20
2092 301 27
2092 999 14
2092 1274 30
2093 393 28
2093 577 10
2093 1576 16
2093 1765 2
2094 112 5
2094 166 15
2094 889 27
2094 1226 25
2095 212 22
2095 526 8
2095 573 10
2095 881 29
2095 1683 17
2095 2379 7
2096 645 17
2096 2347 7
2097 193 7
2098 428 9
2099 761 7
2099 1438 4
2099 1957 26
2099 2039 5
2099 2053 22
2100 584 16
2100 1620 29
2100 1828 7
2101 740 14
2101 1376 10
2102 173 4
2102 2031 19
2102 2290 10
2103 14 23
2103 17 28
2103 495 25
2103 1793 16
2104 37 24
2104 1644 1
2104 1658 5
2104 1805 18
2104 2133 23
2105 1131 12
2105 1654 27
2106 651 13
2106 695 21
2106 1979 25
2107 356 30
2108 321 19
2108 578 23
2108 1130 8
2108 1991 26
2109 740 18
2110 987 25
2110 1482 22
2111 815 9
2111 1006 10
2111 1483 13
2111 2141 8
2111 2185 15
2111 2392 22
2112 1607 3
2112 1808 3
2113 136 23
2113 1757 17
2113 1842 22
2113 2400 10
2114 105 25
2114 140 15
2114 383 10
2114 444 29
2114 1523 24
2114 2256 2
2114 2287 2
2114 2438 13
2115 790 15
2115 1530 22
2116 2346 7
2117 1016 14
2117 1897 3
2118 1988 22
2119 1438 13
2120 667 28
2120 873 9
2120 932 8
2121 166 11
2121 1582 10
2121 1621 9
2123 110 23
2123 1627 17
2124 2143 16
2125 445 15
2125 461 11
2125 530 10
2125 1086 29
2125 1280 27
2125 2135 2
2125 2276 8
2127 1404 21
2127 1593 8
2127 1656 18
2127 1663 11
2127 2322 2
2128 2436 11
2129 936 13
2130 1356 14
2130 1405 25
2130 2425 26
2131 434 12
2131 785 30
2131 1438 28
2132 684 3
2132 721 13
2132 1752 17
2133 1029 12
2133 1796 12
2133 2358 28
2133 2427 13
2134 1117 20
2135 117 20
2135 288 29
2135 735 5
2135 1277 26
2135 2234 9
2135 2429 15
2136 1760 25
2136 2477 5
2137 188 16
2137 751 24
2137 1246 18
2137 1679 23
2139 462 3
2139 2450 28
2140 329 16
2140 1725 14
2140 2441 10
2141 226 29
2141 1505 30
2141 2495 28
2142 1417 3
2142 1994 22
2142 2290 25
2143 153 5
2143 799 4
2143 1927 12
2144 1505 8
2144 2169 15
2145 80 1
2146 201 20
2146 420 26
2146 851 20
2146 2240 10
2146 2448 1
2147 941 8
2147 2185 18
2147 2455 7
2148 977 24
2148 1957 15
2149 94 14
2149 457 17
2149 470 2
2149 542 28
2149 1938 12
2150 1387 21
2151 132 14
2151 1403 17
2151 1433 23
2153 830 4
2153 2156 16
2153 2164 20
2154 719 6
2155 199 29
2155 2163 6
2156 263 11
2156 914 24
2156 1492 9
2156 2233 10
2157 1217 30
2157 1276 9
2157 2369 30
2158 2431 26
2159 1415 21
2160 951 9
2160 1341 18
2160 1419 28
2160 1769 19
2160 2339 24
2161 102 21
2161 682 3
2161 2370 7
2162 1281 29
2162 1947 26
2163 1775 4
2164 26 10
2164 509 8
2164 676 17
2164 1397 18
2165 74 30
2165 273 21
2165 517 4
2165 2279 11
2166 257 26
2166 1291 24
2166 1451 17
2166 1549 28
2167 620 18
2167 1952 25
2168 264 8
2168 1411 17
2169 439 26
2169 1460 29
2169 1482 12
2170 214 16
2170 1164 7
2170 1882 29
2171 1747 5
2173 643 25
2173 1608 22
2173 1890 25
2173 2394 19
2173 2469 20
2174 728 15
2174 1099 6
2174 1437 24
2174 1440 17
2174 1816 6
2174 2032 2
2175 467 4
2175 738 5
2175 1763 14
2175 2268 29
2176 721 16
2176 1525 10
2176 1599 23
2177 1042 24
2177 2200 29
2178 1691 10
2179 1268 18
2179 2404 6
2180 156 18
2180 262 13
2180 1853 4
2180 2032 30
2181 983 20
2182 1663 3
2183 1008 20
2184 616 24
2184 666 19
2184 916 4
2185 2128 10
2185 2230 30
2186 95 23
2186 382 25
2186 559 27
2186 652 8
2186 696 3
2186 1248 2
2186 1582 10
2186 1690 28
2186 2036 7
2186 2299 23
2187 1142 27
2187 1500 14
2188 1874 24
2189 2418 11
2190 178 7
2190 218 23
2190 429 20
2190 891 16
2190 988 20
2190 1914 7
2191 228 21
2192 168 16
2192 655 28
2192 1441 10
2193 831 10
2193 1238 10
2194 293 26
2194 1384 28
2195 68 13
2195 197 5
2195 211 27
2195 373 27
2195 871 21
2195 1185 24
2196 1314 5
2196 1809 23
2196 2497 17
2197 145 6
2197 1147 13
2198 693 23
2198 1499 20
2199 117 9
2199 314 28
2199 615 6
2199 912 19
2199 1418 4
2199 2171 20
2199 2225 30
2199 2497 12
2200 797 9
2200 1130 28
2200 1327 2
2200 1772 16
2201 324 18
2201 731 3
2201 1697 25
2202 959 27
2202 1082 28
2202 1735 23
2202 2170 9
2202 2189 25
2203 292 11
2203 362 5
2203 1365 15
2203 1844 26
2203 2263 1
2203 2279 30
2204 307 13
2204 879 6
2204 1201 12
2204 2270 27
2205 115 18
2205 678 12
2205 1103 25
2205 1769 23
2205 2119 22
2205 2290 20
2206 78 12
2206 2408 21
2207 593 23
2207 1168 12
2207 1304 10
2208 245 16
2208 411 28
2208 517 19
2208 600 19
2208 1982 22
2208 2463 15
2211 1598 8
2212 872 6
2213 296 15
2213 936 2
2213 1476 9
2213 2316 12
2214 254 9
2214 1310 4
2215 1950 12
2216 313 30
2216 1173 8
2216 2417 10
2217 1243 11
2217 1352 27
2217 2161 27
2217 2350 14
2218 362 13
2218 670 11
2218 1422 5
2218 1611 2
2218 1928 22
2218 2107 17
2220 987 17
2220 1070 3
2220 1179 18
2220 1942 2
2220 2338 22
2220 2381 7
2221 892 12
2221 1649 6
2221 1830 21
2221 2002 20
2222 540 11
2222 710 6
2222 2060 13
2223 1061 19
2223 1555 17
2223 1732 21
2223 2066 15
2223 2235 20
2224 1176 20
2224 1328 14
2224 1542 29
2224 1655 22
2225 1505 10
2225 1545 17
2226 1741 27
2227 454 22
2227 1370 27
2227 1630 23
2228 673 16
2228 814 10
2228 1992 9
2229 381 2
2229 662 13
2229 1417 19
2229 2186 25
2230 511 26
2230 963 25
2230 1552 7
2231 268 1
2231 1773 7
2232 432 18
2232 1070 12
2232 1150 4
2232 1306 30
2232 1426 22
2233 242 12
2233 807 13
2234 317 28
2234 1199 2
2234 1272 24
2234 2265 12
2235 630 22
2235 966 16
2235 2093 13
2235 2263 1
2236 466 4
2236 508 5
2237 1055 27
2237 1861 27
2237 2414 20
2238 1648 29
2238 2323 5
2240 143 13
2240 416 11
2240 855 15
2240 1542 7
2240 2306 28
2241 817 9
2241 1097 13
2241 1172 29
2243 364 16
2243 1663 22
2244 306 2
2244 826 11
2244 1001 22
2244 1125 23
2244 1919 23
2245 620 4
2245 1943 13
2246 2342 24
2246 2358 27
2247 216 24
2247 1237 7
2248 1046 4
2248 1481 6
2250 939 7
2250 1386 30
2250 1583 2
2251 623 26
2251 1796 26
2251 1964 21
2252 218 24
2252 1933 22
2252 2098 25
2253 688 26
2253 1300 7
2253 1863 2
2254 1144 23
2255 1574 15
2255 1672 6
2256 71 21
2257 648 22
2257 877 28
2257 1523 22
2257 1935 3
2257 2032 11
2258 1680 7
2259 1005 17
2259 2126 6
2260 843 19
2260 1115 2
2261 74 2
2261 1868 4
2261 2142 8
2262 1046 28
2262 1880 1
2263 911 7
2263 1574 27
2263 1576 25
2263 1772 24
2264 131 14
2264 1627 7
2264 2066 9
2265 328 5
2265 723 2
2265 960 4
2265 1433 11
2265 1463 25
2265 2499 18
2266 585 18
2266 1230 30
2266 1261 1
2266 2470 1
2267 1075 19
2267 1249 14
2267 1983 25
2268 1113 21
2268 2435 12
2268 2439 11
2268 2478 26
2269 701 22
2269 1252 4
2270 404 20
2271 1302 17
2272 72 12
2272 2216 17
2272 2223 10
2273 1804 10
2274 1385 5
2275 840 4
2275 2185 3
2275 2460 18
2276 594 10
2276 2362 3
2277 1759 22
2277 2408 11
2278 428 28
2278 614 25
2278 1077 5
2278 1205 15
2278 1770 4
2278 1804 27
2278 2465 7
2279 176 26
2279 615 7
2279 998 13
2279 1998 21
2279 2344 28
2280 62 24
2280 968 23
2280 1152 23
2280 1367 8
2281 91 27
2281 1411 12
2281 2020 24
2282 581 30
2282 1519 20
2283 396 3
2283 725 1
2283 2356 24
2284 741 6
2284 1082 25
2284 2269 3
2285 825 8
2286 930 27
2286 1947 17
2287 1086 18
2287 1202 24
2287 1522 3
2288 1451 15
2289 889 30
2289 1528 6
2290 1900 11
2291 630 29
2291 850 1
2291 866 9
2291 2064 11
2291 2096 13
2291 2240 6
2292 396 26
2292 635 28
2293 202 21
2293 276 3
2293 406 16
2293 481 2
2293 564 19
2293 640 7
2293 1117 14
2293 1344 21
2293 2133 7
2294 441 29
2294 899 19
2294 1602 1
2295 163 2
2295 410 18
2295 1006 19
2295 1043 10
2296 767 5
2296 1989 12
2296 2240 12
2296 2298 11
2297 434 11
2297 604 17
2297 995 13
2297 1106 9
2297 2320 9
2298 222 22
2298 2357 11
2298 2469 14
2299 846 27
2299 1121 7
2299 1557 11
2299 2022 17
2300 349 1
2300 1094 18
2301 1172 11
2301 1434 19
2301 1642 24
2301 1665 24
2301 1888 2
2302 1846 30
2302 2264 22
2303 380 12
2303 1085 22
2303 1130 15
2303 2453 29
2304 1500 10
2305 1267 24
2306 436 25
2306 1053 13
2307 1255 5
2307 1542 6
2308 554 15
2308 1792 13
2309 491 18
2309 2332 16
2310 185 14
2310 1003 9
2310 1663 26
2310 1868 19
2310 1941 28
2310 2390 24
2311 66 21
2311 1189 6
2311 1978 25
2311 2322 8
2312 1775 8
2313 298 5
2313 797 1
2314 267 23
2314 1263 6
2314 1473 22
2314 1826 7
2315 156 17
2315 506 5
2315 1760 21
2316 44 7
2316 109 6
2316 259 7
2316 2132 2
2316 2489 18
2317 68 3
2317 1373 7
2318 921 24
2319 106 8
2319 590 16
2319 1230 9
2319 2184 21
2319 2387 17
2320 1559 27
2321 804 9
2321 1594 6
2321 2127 20
2322 605 21
2322 1405 11
2322 1705 6
2322 2257 28
2323 1992 11
2323 2247 11
2323 2386 20
2323 2426 3
2324 414 8
2324 497 11
2324 1384 1
2324 1891 25
2324 2259 7
2325 923 22
2325 1854 23
2325 2117 12
2325 2479 20
2326 1812 24
2326 2192 21
2327 1463 22
2327 1562 22
2328 458 14
2328 1722 29
2328 2484 30
2329 955 23
2329 2331 11
2330 1877 16
2330 1972 19
2331 1250 11
2331 1870 13
2331 2318 30
2332 1245 1
2332 1312 15
2333 381 6
2334 646 20
2334 1027 25
2335 216 16
2335 256 9
2335 645 20
2335 1958 23
2336 436 19
2336 2280 20
2337 222 9
2337 647 17
2337 1109 3
2337 1891 2
2337 2160 28
2337 2314 22
2338 1966 17
2338 2001 18
2339 898 6
2339 1037 1
2339 2328 2
2340 58 26
2340 1587 22
2340 2003 24
2341 53 29
2341 2012 29
2341 2450 4
2342 139 9
2342 371 11
2342 1525 3
2342 2381 2
2343 955 25
2343 1548 8
2344 68 21
2344 833 20
2344 1987 15
2344 2261 30
2346 601 1
2346 841 8
2346 1322 10
2346 1707 20
2347 1633 8
2347 1687 27
2347 2316 23
2348 635 1
2349 1278 16
2349 2281 6
2350 497 10
2350 612 4
2350 830 11
2350 1227 2
2350 1478 27
2350 2175 7
2351 1342 23
2352 221 12
2353 2244 27
2353 2263 21
2354 219 15
2354 1043 5
2354 2001 23
2354 2397 9
2355 1838 28
2355 2478 17
2356 672 17
2357 17 11
2357 243 28
2357 2283 23
2358 1305 10
2358 1559 28
2359 620 30
2359 635 11
2359 1013 18
2359 1490 30
2359 1656 29
2359 1787 2
2360 1341 22
2361 285 15
2361 619 7
2361 1306 1
2361 1686 10
2362 1588 10
2362 2037 2
2363 232 6
2363 1806 16
2363 1987 16
2364 1610 9
2364 2087 12
2364 2099 6
2365 344 23
2365 1262 8
2365 1923 20
2366 180 23
2366 1153 28
2366 1443 7
2366 2191 9
2367 69 8
2367 115 4
2367 843 2
2367 1691 17
2367 2403 2
2368 723 23
2369 1451 19
2369 1665 11
2369 2043 14
2371 2186 18
2372 880 4
2372 1044 6
2372 2226 24
2373 797 10
2374 54 6
2374 825 3
2374 1370 19
2374 2192 30
2375 1556 30
2375 1979 26
2376 664 15
2376 1384 8
2377 2092 29
2378 334 13
2378 391 22
2378 776 29
2378 1154 2
2378 1311 14
2379 904 26
2379 2426 30
2380 1594 15
2381 175 3
2381 1552 4
2381 2008 8
2382 1505 11
2382 2120 27
2382 2124 22
2383 946 29
2383 2143 29
2383 2152 6
2385 309 8
2385 1031 2
2385 1452 3
2386 1602 1
2386 1970 3
2387 1195 30
2388 164 25
2388 272 22
2388 1466 29
2389 1322 16
2389 1721 9
2389 2357 6
2390 696 15
2390 1148 8
2391 1037 10
2391 1466 28
2391 1768 6
2391 2292 3
2392 1601 12
2392 2136 1
2393 499 3
2393 756 18
2394 227 25
2394 1942 28
2394 2303 25
2395 138 5
2396 78 16
2396 1954 8
2397 514 25
2397 831 6
2397 881 5
2397 1129 3
2397 2444 29
2398 669 7
2398 1404 25
2398 1559 1
2399 2349 7
2400 62 12
2400 396 14
2400 1938 27
2400 2120 19
2402 1189 23
2402 1672 24
2402 2420 4
2403 1700 30
2404 680 25
2404 847 1
2404 1837 27
2405 403 20
2405 705 4
2405 744 19
2405 1439 14
2405 1908 21
2405 2027 13
2406 2008 11
2406 2436 7
2406 2471 9
2407 710 18
2408 1717 15
2409 202 3
2409 622 15
2409 1667 11
2409 2317 27
2410 2221 13
2411 397 18
2411 1954 14
2412 1541 13
2412 2218 16
2413 34 17
2413 839 19
2413 1659 4
2414 944 5
2414 2034 11
2415 4 20
2415 148 30
2415 1955 2
2415 2240 14
2415 2409 1
2416 201 28
2416 416 3
2416 1071 26
2417 528 16
2417 1919 16
2417 1943 17
2418 432 20
2419 1028 18
2420 990 15
2421 1005 28
2421 1643 27
2421 1788 21
2422 685 22
2422 819 11
2422 1151 2
2422 2373 11
2423 111 15
2424 787 11
2424 1076 16
2424 1096 20
2424 1323 18
2424 1900 2
2424 1979 8
2425 701 21
2425 972 28
2425 1515 18
2425 1885 10
2427 1303 28
2427 1880 19
2428 1451 16
2428 1457 20
2428 1648 8
2428 2061 10
2429 941 15
2431 86 15
2431 1711 18
2432 78 23
2432 826 4
2432 2199 5
2433 22 30
2433 58 23
2433 108 24
2433 157 20
2433 406 6
2433 2305 26
2434 7 13
2434 444 16
2434 623 11
2434 786 23
2435 715 23
2436 1171 30
2436 1895 10
2436 1936 24
2437 1943 29
2438 396 23
2438 884 22
2439 1314 8
2439 1500 24
2439 1563 11
2439 2157 26
2440 651 1
2440 965 30
2440 1214 25
2442 1176 11
2442 1512 6
2442 1542 9
2442 2455 28
2443 396 29
2443 1577 4
2444 154 24
2444 1292 28
2444 1542 26
2445 297 17
2445 499 9
2445 504 23
2445 624 13
2445 1946 22
2445 1988 9
2446 279 15
2446 398 14
2446 2012 23
2447 72 6
2447 513 16
2447 1298 17
2447 2183 4
2447 2325 30
2447 2407 30
2448 921 11
2448 926 15
2448 1481 10
2449 128 28
2449 417 16
2449 1617 1
2449 2342 22
2450 1015 26
2450 1096 6
2450 2027 30
2450 2135 15
2450 2332 4
2451 27 25
2451 937 8
2451 1272 23
2451 1391 20
2451 1473 25
2452 706 2
2452 1353 12
2452 1960 29
2452 2053 23
2452 2064 12
2452 2477 13
2453 367 28
2453 675 5
2453 1834 18
2454 157 5
2454 686 13
2455 429 13
2455 1243 4
2455 1342 12
2455 1547 23
2455 1554 19
2456 289 13
2456 723 20
2456 1181 4
2456 1558 13
2457 221 3
2457 497 21
2457 2153 18
2457 2335 24
2458 40 5
2458 1134 14
2459 465 18
2460 598 12
2460 1361 6
2461 56 29
2461 614 28
2461 676 7
2462 245 2
2462 1479 18
2463 878 29
2463 1791 6
2464 289 30
2464 1037 27
2464 1351 2
2464 1755 9
2464 1819 1
2464 2208 14
2464 2339 21
2464 2497 27
2466 271 17
2466 1044 13
2466 2121 7
2466 2220 29
2467 1774 24
2468 821 10
2468 934 3
2468 1232 18
2468 1270 22
2468 1538 20
2468 1823 11
2468 2197 18
2468 2288 3
2468 2405 28
2469 328 21
2469 906 9
2469 1537 18
2469 2298 19
2470 1344 7
2470 1669 20
2470 2381 6
2471 695 6
2471 1883 25
2473 970 28
2473 2057 24
2474 503 26
2474 574 6
2474 897 24
2474 1102 9
2474 1762 27
2475 1929 12
2475 2330 17
2476 132 1
2476 180 18
2476 636 7
2476 1271 25
2477 724 19
2477 2075 9
2478 754 12
2478 1399 10
2479 294 20
2479 542 15
2480 154 27
2480 1003 15
2481 552 4
2481 613 18
2481 1747 15
2482 30 22
2482 761 28
2483 1541 21
2483 1938 11
2484 512 25
2484 1148 26
2485 409 5
2486 1657 22
2487 1234 11
2488 395 30
2488 2310 28
2488 2465 27
2489 1019 30
2489 1097 16
2489 1792 8
2490 154 16
2490 173 16
2490 1710 26
2490 1954 22
2490 1983 10
2490 2238 6
2491 1536 22
2492 1475 14
2493 883 16
2493 1117 11
2493 1885 20
2494 46 4
2494 472 17
2494 1962 23
2494 2432 13
2495 1255 1
2495 1984 14
2497 1421 10
2498 197 22
2498 2425 24
2499 658 27
2499 694 9
2500 133 20
2500 1861 18
2500 1877 20
