0	37	26	8	28	12	43	26	26	33	40	17	39	16	30	43	13	30	20	21	4	38	15	54	21	37	43	36	42	52	126	25	32	23	14	41	51	37	30	35	44	39	24	36	35	22	42	29	41	47	  
11	0	21	12	22	7	21	30	14	37	24	12	19	20	26	22	17	13	15	4	8	21	10	43	25	25	38	19	44	40	126	20	21	11	18	36	54	41	1	39	27	22	7	32	38	5	46	25	43	46	  
14	34	15	12	25	10	24	23	24	31	27	15	22	13	7	24	10	16	17	7	18	24	13	46	18	24	41	22	25	39	126	23	24	21	11	38	49	41	4	32	30	25	10	13	33	8	40	6	24	29	  
20	32	30	0	20	16	47	36	30	50	44	21	31	35	37	46	32	22	24	13	24	30	19	52	35	41	47	28	55	56	126	29	30	27	33	45	63	29	33	30	36	31	16	31	47	14	34	36	54	47	  
40	45	33	41	0	19	50	16	33	36	45	24	17	38	40	33	35	49	42	40	44	16	22	61	43	44	50	55	58	59	126	32	39	30	36	54	54	56	37	57	54	58	35	44	38	41	61	39	57	60	  
28	40	14	22	21	0	31	29	14	45	28	5	27	19	21	32	16	30	23	21	32	26	3	42	24	25	31	36	39	40	126	13	20	11	17	35	53	51	18	38	35	39	24	27	37	22	46	20	38	43	  
8	27	34	16	30	20	0	19	34	41	48	25	23	9	23	1	6	28	13	29	12	22	23	51	14	40	45	20	35	55	126	22	29	31	7	34	52	24	28	25	28	47	32	26	43	20	29	22	34	40	  
24	43	19	27	26	5	36	0	19	50	33	10	32	24	25	17	21	35	28	26	28	31	8	47	29	30	36	41	44	45	126	18	25	16	22	40	58	40	23	41	40	44	29	32	42	27	45	25	43	48	  
32	51	37	40	44	44	24	43	0	65	51	28	47	33	44	25	30	52	37	44	36	46	47	65	38	48	54	44	59	63	126	36	43	34	31	58	76	48	41	49	52	62	47	50	60	44	53	43	58	64	  
20	9	21	21	18	7	28	31	21	0	9	12	28	21	21	29	23	13	24	13	17	30	10	26	22	32	38	28	29	47	126	10	17	18	19	30	18	24	10	25	32	31	16	8	2	14	29	20	28	24	  
27	24	32	34	9	18	19	25	32	45	0	23	26	16	39	20	25	21	20	25	31	25	21	30	21	43	49	35	42	58	126	1	8	29	26	41	59	43	25	44	23	43	14	15	25	21	48	38	41	31	  
23	43	9	17	16	19	26	32	9	40	23	0	31	22	16	27	19	25	26	16	27	32	22	37	27	20	26	31	34	35	126	8	15	6	20	30	48	46	13	41	30	34	19	22	32	17	49	15	33	38	  
30	28	16	24	23	2	33	31	16	19	28	7	0	21	23	34	18	32	25	23	34	28	5	44	26	27	33	38	41	42	126	15	22	13	19	37	37	43	20	40	37	41	26	27	21	24	48	22	40	43	  
34	41	29	37	21	15	31	10	29	32	41	20	23	0	35	27	31	33	29	36	38	22	18	42	5	40	46	47	26	54	126	13	20	26	23	50	50	50	33	44	35	54	26	27	34	33	42	35	25	31	  
37	57	45	45	37	31	47	26	45	48	50	36	39	16	0	43	47	39	41	30	41	38	34	58	21	56	62	45	42	70	126	29	36	42	39	62	66	66	27	60	51	48	33	43	50	31	58	51	41	47	  
7	26	33	15	29	19	39	18	33	40	47	24	31	8	22	0	5	27	12	28	11	30	22	50	13	39	44	33	34	54	126	21	28	30	6	33	51	23	27	24	41	46	31	25	42	19	28	21	33	39	  
33	24	32	21	24	18	34	13	32	35	44	23	26	3	17	30	0	22	7	26	32	25	21	45	8	34	39	28	29	49	126	16	23	29	1	28	46	50	25	22	36	44	28	23	37	14	30	16	28	34	  
11	29	21	19	22	7	38	35	21	41	35	12	22	25	28	37	22	0	15	4	15	21	10	43	30	32	38	19	46	47	126	20	21	18	23	36	54	48	25	44	27	22	7	34	38	5	52	27	45	50	  
34	33	38	14	33	24	43	22	38	44	52	29	35	12	45	39	40	36	0	27	38	34	27	54	17	49	32	42	38	64	126	25	32	35	10	21	39	43	34	31	47	45	30	39	46	28	39	44	37	43	  
7	38	17	15	18	3	34	32	17	37	31	8	18	22	24	33	19	9	11	0	11	17	6	39	27	28	34	15	42	43	126	16	17	14	20	32	50	44	21	41	23	18	3	30	34	1	49	23	41	46	  
24	33	34	4	24	20	43	22	34	29	38	25	35	12	26	39	9	26	16	17	0	34	23	54	17	43	48	32	38	58	126	25	32	31	10	37	47	33	34	31	40	35	20	32	31	18	38	25	37	43	  
31	29	17	25	24	3	34	32	17	20	29	8	1	22	24	35	19	33	26	24	35	0	6	45	27	28	34	39	42	43	126	16	23	14	20	38	38	44	21	41	38	42	19	28	22	25	49	23	41	44	  
25	37	11	19	18	21	28	26	11	42	25	2	24	16	18	29	13	27	20	18	29	23	0	39	21	22	28	33	36	37	126	10	17	8	14	32	50	48	15	35	32	36	21	24	34	19	43	17	35	40	  
36	27	32	39	24	18	28	13	32	18	27	23	26	3	38	29	34	31	32	31	35	25	21	0	8	43	49	46	12	40	126	16	23	29	26	48	36	42	28	43	38	49	29	26	20	32	28	38	11	17	  
34	41	39	38	16	25	26	30	39	52	39	30	33	20	46	27	32	28	24	32	38	32	28	37	25	50	56	42	46	65	126	8	15	36	18	45	63	50	42	39	30	50	21	22	32	28	47	45	45	38	  
38	32	35	43	32	21	42	48	35	49	23	26	37	39	42	43	37	27	42	31	40	36	24	40	36	0	52	46	43	15	126	24	31	32	38	44	62	66	33	47	46	29	34	22	16	32	59	41	42	21	  
15	36	21	23	26	7	25	36	21	42	28	12	23	26	28	26	23	17	19	8	19	25	10	47	31	32	0	23	46	47	126	20	25	18	24	4	22	49	5	34	31	26	11	34	42	9	53	27	45	50	  
31	31	17	25	24	5	34	23	17	22	31	8	3	13	24	35	19	33	17	24	35	2	6	45	18	28	34	0	39	43	126	16	23	14	11	38	40	46	21	32	8	42	21	30	24	25	40	23	38	44	  
26	15	27	27	24	13	34	18	27	6	15	18	34	27	27	35	29	19	30	19	23	36	16	28	28	38	44	34	0	28	126	16	23	24	25	36	24	30	16	31	38	37	22	14	8	20	16	26	34	30	  
23	17	20	28	17	6	27	33	20	34	8	11	33	24	27	28	22	12	27	16	25	32	9	25	21	31	37	31	28	23	126	9	16	17	23	29	47	51	18	44	31	34	19	7	1	17	44	26	27	23	  
32	21	42	25	43	28	42	43	24	50	45	33	40	33	47	43	30	34	36	25	21	42	31	64	38	46	59	40	59	61	0	41	42	32	31	57	68	54	22	19	48	43	28	53	52	26	59	46	58	64	  
26	40	31	33	8	17	18	24	31	44	31	22	25	27	38	19	24	20	19	24	30	24	20	29	32	42	48	34	41	57	126	0	7	28	25	40	58	42	35	43	22	42	13	14	24	20	47	37	40	30	  
39	33	33	26	1	19	43	17	33	37	24	24	18	24	40	34	35	28	12	32	41	17	22	22	29	44	44	47	34	59	126	25	0	30	22	33	51	55	34	43	47	50	35	23	17	33	50	39	33	39	  
35	41	40	43	26	30	27	41	3	39	17	31	43	31	15	28	33	27	37	31	39	42	33	47	36	14	57	46	33	29	126	18	25	0	34	58	57	51	42	52	40	43	26	21	30	32	49	14	32	35	  
34	23	31	20	23	17	33	12	31	34	43	22	25	2	37	29	33	35	6	27	31	24	20	44	7	42	38	42	28	56	126	15	22	28	0	27	45	49	24	21	37	45	28	29	36	28	29	37	27	33	  
26	32	17	25	24	3	34	32	17	48	31	8	30	22	24	35	19	28	26	19	30	29	6	45	27	28	11	34	42	43	126	16	23	14	20	0	18	54	16	30	38	37	21	30	40	20	49	23	41	46	  
48	49	44	46	26	30	40	38	44	47	53	35	28	28	51	41	46	42	32	46	52	42	33	51	14	55	61	56	54	70	126	22	29	41	26	53	0	64	48	47	44	64	35	36	46	42	55	50	53	52	  
14	3	24	15	22	10	24	7	13	40	26	15	22	23	29	24	20	8	18	7	11	24	13	43	6	28	41	22	46	43	126	14	21	14	21	39	57	0	4	1	30	25	10	2	19	8	5	28	45	18	  
10	41	20	18	21	6	20	35	20	37	23	11	18	25	27	21	22	12	14	3	14	20	9	42	30	31	37	18	45	46	126	19	20	17	23	35	53	44	0	44	26	21	6	33	37	4	49	26	44	49	  
13	2	23	14	24	9	23	32	16	39	26	14	21	22	28	24	19	15	17	6	10	23	12	45	27	27	40	21	46	42	126	22	23	13	20	38	56	43	3	0	29	24	9	34	40	7	48	27	45	48	  
54	61	49	57	41	35	51	30	49	52	61	40	43	20	55	47	51	53	49	56	58	42	38	62	25	60	66	67	46	74	126	33	40	46	43	70	70	70	53	64	0	74	46	47	54	53	62	55	45	51	  
22	36	24	30	31	10	41	33	24	27	31	15	8	23	31	15	20	24	27	28	26	7	13	48	28	35	41	30	49	50	126	23	30	21	21	45	45	38	28	39	38	0	26	30	24	16	43	30	48	46	  
26	44	18	26	15	4	35	31	18	43	32	9	24	23	25	36	20	15	26	19	30	23	7	36	28	29	35	21	43	44	126	17	14	15	21	39	57	55	22	42	29	37	0	31	31	7	50	24	42	47	  
17	35	27	25	28	13	44	41	27	45	41	18	28	31	34	43	28	6	21	10	21	27	16	49	36	38	44	25	52	53	126	26	27	24	29	42	60	54	31	42	33	28	13	0	44	11	58	33	51	16	  
22	16	19	27	16	5	26	32	19	33	7	10	32	23	26	27	21	11	26	15	24	31	8	24	20	30	36	30	27	45	126	8	15	16	22	28	46	50	17	43	30	33	18	6	15	16	43	25	26	22	  
19	37	29	27	30	15	46	37	29	36	43	20	17	27	36	45	30	8	23	12	23	16	18	51	32	40	46	14	53	55	126	28	29	26	25	44	54	56	33	46	22	30	15	42	38	0	54	35	52	58	  
26	45	21	29	23	7	38	2	21	52	35	12	34	26	27	19	23	23	30	27	30	33	10	44	31	32	38	42	46	47	126	20	22	18	24	42	60	42	25	43	25	45	30	17	39	28	0	27	45	33	  
24	34	30	32	27	16	47	27	30	25	34	21	35	17	1	44	32	13	28	17	28	34	19	47	22	18	47	32	19	33	126	29	26	27	33	49	43	49	28	49	40	35	12	7	27	18	35	24	18	23	  
27	16	28	28	25	14	35	19	28	7	16	19	30	28	28	36	30	20	31	20	24	37	17	29	29	39	45	35	1	29	126	17	24	25	26	37	25	31	17	32	39	38	23	15	9	21	17	27	21	6	  
39	28	49	40	47	35	49	58	42	29	38	40	47	48	50	50	45	41	43	32	36	49	38	55	51	53	66	47	58	68	126	39	46	39	46	59	47	53	29	26	55	50	35	37	31	33	58	49	57	0	  
