300 900
1 47 5
1 111 2
1 124 4
1 266 9
2 31 29
2 42 15
2 166 14
2 176 30
3 195 1
3 245 30
4 72 26
4 286 18
5 59 25
6 31 25
6 238 4
6 254 19
6 261 24
7 66 24
7 155 22
7 249 26
8 203 16
8 291 18
9 29 14
9 63 25
9 173 21
9 264 12
10 26 28
10 68 2
10 119 6
10 242 25
10 247 15
10 268 3
10 278 26
11 28 10
11 90 11
11 173 17
11 204 17
11 279 24
12 9 8
12 34 9
12 70 15
12 116 25
12 157 26
13 96 10
13 163 19
13 196 21
14 52 28
14 53 12
14 132 14
14 171 11
16 85 29
16 151 22
17 205 20
18 5 4
18 123 16
18 158 2
19 26 15
20 207 5
21 13 25
21 88 21
21 220 21
22 32 1
22 139 15
22 232 9
22 252 3
23 70 25
23 125 25
23 212 19
23 288 10
23 292 24
23 297 27
24 46 16
24 63 18
24 117 14
24 269 17
24 299 6
25 99 4
25 264 6
26 74 9
26 131 9
26 138 8
26 147 7
26 155 30
26 242 27
27 112 3
27 145 7
27 159 20
27 160 17
27 248 3
27 257 6
27 278 29
28 210 24
29 39 7
29 131 13
29 245 2
30 17 9
30 59 29
30 60 18
31 52 19
31 55 8
31 163 11
31 178 7
32 195 16
32 236 28
33 123 20
33 243 2
34 235 25
34 249 15
35 203 8
35 295 3
36 65 23
37 214 7
37 240 1
37 268 15
37 269 26
38 93 3
38 142 13
38 152 15
38 196 12
39 155 16
39 202 21
40 3 10
40 19 1
40 102 19
40 248 23
40 285 24
41 83 27
41 194 13
41 249 11
41 257 7
42 170 21
43 66 13
43 195 13
44 7 28
45 113 2
45 114 2
45 153 29
47 24 26
47 90 16
47 112 28
47 123 20
47 135 30
47 153 27
47 207 20
47 224 14
47 272 22
48 184 15
48 229 19
49 121 28
50 205 26
51 193 26
51 227 18
52 190 27
53 8 26
53 12 28
53 38 11
53 97 19
54 7 24
54 148 24
54 178 21
55 105 30
55 161 6
55 256 3
55 270 4
56 259 3
56 287 4
57 14 5
57 58 23
57 79 21
57 84 12
57 127 13
57 215 10
57 238 12
58 46 9
58 224 21
58 291 17
60 19 30
60 52 5
60 161 5
61 238 27
62 19 22
62 23 30
62 167 7
62 190 11
62 204 17
63 16 4
63 83 21
63 91 27
63 117 20
63 189 14
63 297 17
64 90 11
65 86 11
65 287 11
65 288 15
66 63 13
66 79 14
66 154 19
66 160 28
66 220 26
66 295 23
67 75 10
67 201 5
67 208 4
68 117 18
69 44 18
69 183 12
69 240 9
70 10 14
70 43 9
70 133 5
70 215 6
71 126 8
71 202 3
72 77 8
72 159 17
72 226 7
74 79 28
74 103 13
74 105 26
75 65 4
75 124 22
75 286 28
75 288 14
76 155 2
77 237 12
78 93 19
78 152 16
78 175 23
78 241 8
79 81 3
80 62 15
80 230 17
80 281 30
81 22 10
81 142 26
82 66 17
82 195 13
82 260 4
82 286 30
82 296 21
83 104 30
83 172 27
83 204 29
83 207 3
83 214 26
83 269 7
84 6 1
84 161 24
84 275 19
85 96 18
85 132 19
85 196 10
85 227 15
85 282 2
86 122 12
86 297 27
87 19 12
87 38 19
87 166 11
87 248 19
88 90 13
88 95 17
88 98 27
88 135 12
88 266 26
89 95 14
89 242 20
90 54 8
90 96 17
90 159 12
90 286 21
90 299 9
91 187 8
92 5 11
92 103 11
92 160 4
92 202 17
93 247 3
93 273 19
94 143 27
94 171 20
94 192 7
94 276 7
95 105 4
95 152 30
95 228 10
95 229 22
96 152 4
96 271 20
96 277 24
97 61 14
97 133 2
97 186 10
97 227 11
97 252 6
98 272 27
99 21 16
99 111 25
99 129 27
99 166 25
100 210 6
100 242 17
101 63 3
101 163 6
101 279 27
102 87 5
103 63 1
103 157 13
103 162 7
103 247 11
103 262 9
103 272 26
103 278 17
104 112 7
104 252 21
104 259 8
105 72 8
105 108 13
105 112 11
105 144 19
105 151 28
105 194 17
106 157 13
106 275 8
107 241 19
107 274 18
108 33 4
109 59 4
109 88 12
109 180 30
109 247 28
111 34 10
111 67 16
111 68 30
111 83 7
111 152 12
111 264 4
111 278 7
112 120 24
112 127 2
112 166 17
113 6 25
113 27 27
113 37 25
114 11 23
114 14 10
114 94 2
114 117 1
114 222 14
115 21 5
115 30 19
115 235 11
115 243 21
116 213 1
116 256 18
117 190 9
118 67 18
119 126 22
119 177 12
120 115 22
120 126 13
120 203 10
120 213 23
121 3 29
121 21 1
121 103 29
121 168 10
121 211 27
121 297 27
122 6 26
122 76 28
122 220 13
123 219 12
123 231 17
124 261 7
125 3 4
125 68 26
125 200 30
125 206 4
125 276 1
126 237 4
126 264 15
127 236 11
128 19 16
128 76 15
128 149 29
129 291 24
129 300 25
130 61 12
131 1 28
131 160 8
131 215 24
131 257 7
132 212 22
134 7 22
134 11 29
134 82 20
134 90 24
134 187 25
134 211 16
134 294 11
135 31 15
135 184 20
135 219 14
136 115 1
137 63 18
137 240 17
137 271 18
137 278 17
138 91 13
138 261 18
138 278 13
139 23 27
141 58 28
141 132 28
141 137 3
141 159 18
141 217 14
142 21 19
142 194 21
142 248 11
142 300 26
143 155 15
144 8 9
144 25 9
144 106 28
144 115 7
144 144 28
144 147 13
144 172 24
145 29 5
145 98 15
145 225 8
145 245 24
146 63 28
146 134 30
146 237 3
146 286 7
147 16 17
147 75 20
147 115 19
147 147 26
148 119 24
148 128 7
148 140 15
149 93 21
149 188 9
149 223 3
150 53 4
150 98 28
150 279 23
150 297 6
151 31 15
151 181 29
151 236 14
152 87 24
152 245 19
153 62 21
153 97 13
153 134 1
153 273 6
153 281 18
154 42 16
154 209 13
154 259 3
155 165 5
156 163 4
156 220 6
157 58 11
157 65 20
157 171 17
157 246 21
157 275 7
158 15 10
158 28 27
158 63 21
159 132 22
159 270 6
160 32 15
161 109 18
161 111 25
161 190 30
162 2 23
162 36 1
162 105 28
162 119 7
162 127 16
162 253 8
163 46 19
163 50 29
163 84 9
163 100 24
163 216 8
163 251 16
164 90 28
164 134 2
164 148 12
164 160 1
164 230 29
164 234 23
164 299 12
165 93 15
166 48 5
167 10 18
167 91 16
167 146 2
167 208 30
168 22 30
169 174 29
170 7 15
170 257 9
171 77 15
171 78 14
171 102 1
171 140 15
171 169 3
171 177 29
172 240 1
173 95 11
173 189 9
173 209 29
174 24 11
174 72 24
174 212 28
174 289 18
174 295 21
174 299 29
176 212 29
176 219 13
176 248 28
176 276 13
177 117 24
177 208 4
177 256 18
177 280 3
177 281 12
178 97 11
178 169 3
179 203 11
179 288 9
180 43 9
180 170 19
180 231 23
181 15 14
181 281 11
182 200 7
182 270 8
182 288 2
183 1 29
183 42 10
183 126 10
183 270 19
184 101 12
185 37 26
185 168 16
185 227 29
186 59 8
186 103 7
186 221 20
187 65 21
187 158 4
187 185 24
188 50 6
188 80 29
188 104 3
188 107 9
188 157 10
188 272 13
189 24 3
189 96 12
189 125 21
189 175 3
190 48 30
190 133 5
190 206 16
190 217 3
190 222 4
190 231 23
190 257 4
192 12 2
192 78 25
192 103 5
192 156 21
192 256 6
193 159 30
193 165 28
194 40 5
194 45 8
194 111 4
195 128 16
195 174 28
195 194 29
195 209 9
195 226 25
196 194 28
197 124 12
197 217 25
197 231 29
198 97 24
198 178 27
199 81 11
199 190 7
199 266 21
201 4 10
201 172 11
201 288 6
202 4 4
202 79 14
202 203 21
203 235 7
203 250 8
203 263 15
204 53 4
204 126 28
204 177 20
205 38 3
205 202 17
205 213 16
205 283 10
206 97 13
206 291 1
206 298 29
207 51 11
207 176 10
207 219 24
209 109 30
209 126 21
209 195 10
209 299 29
210 111 6
210 148 29
210 220 9
210 276 12
211 102 19
211 113 10
212 9 15
212 169 25
212 176 6
213 119 28
213 151 7
213 191 12
213 262 5
214 110 21
214 199 15
215 5 24
215 40 2
215 96 10
216 109 3
216 157 18
217 3 11
217 90 15
217 98 18
218 151 10
218 230 17
219 122 19
219 202 25
221 163 17
222 19 1
222 77 4
222 140 7
222 211 7
223 121 2
223 292 15
223 297 10
224 97 21
224 170 16
224 171 24
224 258 7
225 118 21
225 169 14
225 176 13
225 295 25
226 188 10
226 190 25
226 199 1
227 24 26
227 34 26
227 87 10
227 109 28
227 289 5
228 138 21
228 203 4
228 282 23
229 55 22
229 72 20
229 128 3
229 273 8
230 10 28
230 54 4
230 69 11
230 167 4
230 261 10
231 56 5
231 131 10
231 147 11
231 259 17
231 273 18
232 32 27
232 176 23
232 182 8
233 195 10
234 56 27
234 87 24
235 151 11
235 206 13
236 288 25
237 34 6
237 62 30
237 131 26
237 154 25
237 155 5
237 284 8
238 220 28
238 223 19
238 238 29
238 271 10
239 17 21
239 19 6
239 205 29
239 231 16
240 234 9
241 27 3
241 122 17
241 191 13
241 198 12
241 254 28
242 167 21
242 181 21
243 143 24
243 169 5
243 258 29
244 25 25
244 168 23
245 103 22
245 159 5
245 223 5
246 213 8
247 74 3
247 118 26
247 143 4
247 224 27
248 19 22
248 21 11
248 93 17
248 220 10
249 185 2
251 85 18
252 28 23
252 134 29
252 234 16
252 273 30
252 277 7
253 13 18
253 130 17
253 236 11
253 238 22
254 83 14
255 248 1
256 51 12
256 176 29
256 202 27
256 230 2
258 188 15
258 220 19
258 300 16
259 16 19
259 26 23
259 141 23
259 156 21
259 166 11
259 174 18
260 53 10
260 148 2
260 192 21
260 246 26
261 41 12
261 132 22
261 151 5
261 204 26
262 86 20
262 167 20
262 265 25
263 88 19
264 45 30
264 153 3
265 24 21
265 48 13
265 132 8
265 261 14
266 184 24
266 294 6
267 134 10
267 154 18
267 230 20
267 236 29
267 243 3
267 260 1
268 16 13
268 234 17
269 184 13
269 188 23
269 260 5
270 83 22
270 172 25
270 261 17
271 53 9
271 133 28
271 152 30
271 278 5
272 4 23
272 145 19
272 158 25
273 39 9
273 96 29
273 258 24
274 216 12
274 258 20
275 24 6
275 35 11
275 93 3
276 102 21
276 267 17
277 34 12
277 65 8
277 79 28
277 124 10
277 180 2
278 101 20
278 120 15
278 271 11
279 54 3
279 116 7
279 170 15
279 204 16
280 159 1
281 93 23
281 225 17
281 285 28
282 133 22
282 182 21
282 231 12
282 250 2
283 105 7
283 189 13
283 213 1
283 271 22
284 107 16
284 179 12
284 209 19
285 132 26
285 253 6
285 260 2
285 281 4
285 285 17
286 8 1
286 26 2
286 67 19
286 69 3
286 112 13
286 163 3
287 107 13
288 79 7
288 156 9
288 251 19
289 62 15
289 165 2
289 177 11
289 194 1
289 220 29
290 27 24
290 118 13
290 214 3
291 8 25
291 11 12
291 77 15
291 247 17
291 254 3
291 265 30
292 31 28
292 78 14
292 221 25
293 186 3
293 284 15
294 53 29
294 191 12
295 31 15
295 146 22
296 145 22
296 284 17
297 6 4
297 219 16
298 70 21
298 208 3
298 294 16
299 215 1
300 30 17
300 107 17
300 120 11
300 239 9
