1500 4500
1 166 7
1 659 28
2 330 9
2 489 10
2 1255 19
3 262 25
4 504 26
5 6 11
5 158 28
5 205 4
5 588 16
5 664 8
5 848 13
5 1187 23
6 555 27
7 167 19
7 267 17
7 517 7
7 1249 7
9 761 19
10 387 21
10 488 10
10 491 21
10 1358 12
11 611 3
11 1260 5
12 587 3
12 668 15
12 1166 24
12 1435 3
13 1279 24
13 1416 22
14 54 1
14 79 3
14 1090 23
14 1204 11
15 172 19
15 523 19
15 933 21
17 127 8
17 259 22
17 879 6
17 1032 15
17 1207 5
17 1217 21
17 1403 3
17 1455 15
18 195 7
18 543 9
19 258 21
19 272 18
19 736 29
19 1245 23
19 1276 30
20 165 2
20 757 25
20 1133 27
22 275 27
22 510 9
22 771 20
22 1108 29
23 172 3
23 1299 11
24 241 29
24 357 27
24 833 3
24 1213 2
25 1061 7
26 875 13
26 1004 22
27 439 14
27 929 5
28 355 20
29 166 29
29 437 1
29 517 10
29 1218 1
29 1391 15
30 509 8
31 164 2
31 741 6
31 1331 17
32 299 22
32 491 28
32 1344 17
33 532 16
33 1253 22
33 1463 13
34 1420 12
35 245 22
35 255 24
35 765 10
35 1013 16
35 1327 26
35 1370 1
36 95 4
36 118 20
36 379 2
36 645 10
37 508 3
37 733 15
37 1393 24
38 466 29
38 813 4
39 705 14
39 1042 29
40 501 13
40 1005 6
40 1326 13
41 84 21
41 414 7
41 908 10
42 887 29
42 1414 29
42 1467 29
43 207 15
43 224 14
43 911 12
43 1130 19
44 644 25
44 851 4
44 1000 4
45 396 26
45 523 11
45 778 21
45 855 18
45 1427 15
46 542 11
46 820 19
47 1169 24
48 175 5
48 350 4
48 1334 9
49 317 3
49 416 7
49 616 14
49 1118 1
49 1195 12
51 169 20
51 768 5
52 1451 24
53 641 26
53 765 15
54 248 22
54 289 16
54 352 5
54 712 7
54 1281 29
55 1140 17
56 800 17
56 1091 15
56 1361 12
56 1441 13
57 193 3
57 214 22
57 857 3
57 1104 20
58 530 28
59 130 13
59 978 9
59 1154 14
61 80 9
61 1022 4
61 1223 22
61 1251 11
62 419 2
62 678 6
62 747 3
63 76 13
63 643 25
63 834 8
63 940 6
64 1382 12
65 458 14
65 1472 28
66 1439 28
67 1211 18
68 451 26
68 843 18
68 1291 4
69 432 4
69 437 3
69 1220 7
70 53 16
70 295 5
70 928 29
70 1187 19
71 621 16
71 1326 26
72 47 23
72 1163 16
73 593 9
73 810 2
73 857 19
73 1275 23
74 270 12
74 548 13
74 1059 20
74 1103 15
74 1342 25
75 562 6
75 985 14
75 1007 23
76 853 17
77 355 27
78 90 12
78 162 6
78 1289 6
78 1436 7
78 1459 24
79 1156 2
79 1372 10
80 143 26
80 177 8
80 447 18
80 637 22
80 694 28
81 231 6
81 247 29
81 905 24
81 975 28
81 1009 15
81 1399 24
82 1241 29
82 1385 3
82 1397 16
83 510 3
83 674 7
83 1120 27
83 1144 17
83 1207 2
84 376 2
85 1074 22
86 413 24
86 502 19
86 635 10
86 1273 5
87 6 24
87 126 15
87 194 3
87 513 9
87 709 8
88 533 4
88 716 26
88 752 8
88 783 21
88 1151 17
88 1231 5
89 187 18
89 852 8
90 84 20
90 459 16
91 1387 22
92 331 14
92 1213 6
93 62 16
93 175 21
93 320 8
94 1095 23
94 1222 18
95 21 16
95 33 16
95 659 11
96 197 7
96 521 1
97 355 21
97 654 16
97 1300 27
97 1423 7
98 68 23
98 166 29
98 170 15
98 504 30
98 555 24
98 1110 11
98 1271 7
98 1404 15
99 314 19
99 590 4
99 982 24
100 113 26
100 354 23
100 792 9
100 934 17
101 203 28
101 970 7
101 1128 25
102 119 19
102 205 14
102 255 17
102 652 28
103 462 30
103 1336 2
104 67 30
104 168 6
104 707 2
104 1164 21
105 19 14
105 84 28
105 395 27
105 920 6
105 1187 18
106 176 11
106 261 5
106 378 11
106 845 21
106 889 4
106 1406 17
107 629 2
108 319 7
108 559 11
109 324 27
109 412 29
109 432 11
109 1307 6
110 660 19
110 832 17
110 985 30
110 1082 29
111 431 23
111 614 16
111 893 18
111 1341 22
112 643 9
113 96 17
113 529 19
114 376 2
116 1011 7
117 325 2
117 767 21
117 1068 25
117 1317 7
117 1378 8
117 1499 6
118 497 4
118 732 10
118 903 18
118 997 7
120 930 27
120 1427 19
120 1446 13
122 467 29
122 844 16
123 642 3
123 896 9
123 1139 13
123 1360 21
124 363 18
124 771 12
124 978 19
125 540 10
125 661 19
125 1128 6
125 1335 23
126 285 19
126 434 15
127 91 11
127 381 20
127 611 21
127 632 13
127 651 10
127 834 16
127 1156 19
127 1380 17
128 148 13
128 309 22
129 202 26
129 274 30
129 485 20
129 1009 14
129 1097 11
129 1263 24
129 1397 4
129 1462 18
130 727 27
131 977 13
131 1235 30
132 200 9
133 1285 22
134 447 3
134 452 20
135 292 23
135 1090 21
135 1406 25
135 1466 15
136 976 9
138 451 9
138 1430 25
139 91 28
139 220 22
139 642 7
139 1131 29
140 105 29
140 796 18
140 1014 7
140 1300 11
140 1424 1
141 1075 24
141 1179 2
142 295 21
142 361 8
142 791 4
142 1212 14
142 1329 11
143 611 21
143 616 2
143 969 15
143 1199 20
144 328 11
145 159 28
145 495 22
145 1304 22
145 1496 20
146 638 4
146 879 8
146 1038 4
147 173 12
147 645 17
147 1288 29
148 184 1
148 819 30
148 1012 27
148 1108 29
148 1472 28
149 916 6
150 853 27
150 927 30
150 1155 29
151 85 21
151 224 23
151 983 11
152 106 28
152 298 27
152 1318 16
153 746 30
154 262 17
154 317 18
154 481 7
154 906 29
154 1122 20
154 1326 4
155 254 12
155 582 11
155 1420 24
155 1499 16
156 302 18
156 503 19
156 777 19
157 219 26
157 519 17
157 557 12
157 944 17
159 248 6
159 966 2
159 1271 6
160 257 3
160 598 29
160 615 5
160 1062 1
161 615 19
161 730 20
161 1086 11
162 308 8
162 391 16
162 451 27
162 624 29
162 1064 2
162 1405 6
163 84 5
163 95 22
163 326 17
163 1286 9
164 210 26
164 1017 27
164 1053 24
164 1440 3
165 92 6
165 725 12
165 1472 21
166 256 24
166 1087 21
167 558 24
167 1001 10
167 1282 18
167 1407 18
168 453 16
168 928 20
168 1049 16
169 359 12
169 393 13
169 717 26
169 1170 1
169 1266 15
170 338 25
170 623 16
170 1007 3
170 1024 23
170 1046 10
171 480 8
171 549 20
171 986 23
172 360 16
172 1168 20
172 1244 18
172 1329 12
172 1362 5
173 78 20
173 114 10
173 596 16
174 456 3
174 1087 3
174 1166 28
174 1196 26
174 1409 4
175 525 15
175 533 13
175 740 19
175 864 27
176 546 20
176 833 23
176 1195 1
176 1279 7
177 512 15
177 856 15
177 926 23
177 1052 1
177 1119 18
178 74 16
178 393 2
178 960 17
179 73 27
179 383 24
179 1308 3
180 59 16
180 551 12
180 1048 6
181 1322 20
182 904 23
182 997 15
182 1445 27
183 454 25
183 591 9
184 675 17
184 854 21
184 1305 13
185 316 1
185 520 25
185 575 23
185 833 19
185 1296 7
186 666 7
187 121 19
187 607 5
188 82 22
188 287 26
188 352 28
188 1341 14
188 1427 13
189 335 5
189 796 15
189 1161 21
189 1480 1
190 74 30
190 580 23
190 1198 8
191 450 3
191 624 21
191 935 27
192 48 26
192 1476 27
193 123 15
193 652 20
193 761 28
194 29 1
194 614 2
194 703 2
195 367 24
195 505 19
196 888 16
198 95 4
198 1307 25
198 1355 23
199 329 23
199 676 29
199 1126 14
199 1346 10
200 427 18
200 1160 19
200 1228 22
201 54 22
202 706 3
202 1221 4
202 1335 22
203 750 24
203 1172 19
204 907 29
204 976 27
204 1500 9
205 319 17
205 709 22
205 757 27
205 946 2
205 1398 3
205 1413 24
206 291 24
206 398 5
206 1024 25
207 693 17
208 406 15
209 1036 11
209 1219 21
210 343 1
210 958 3
210 1271 5
211 38 21
211 71 8
211 528 14
211 576 9
212 5 26
212 420 27
213 242 30
213 545 20
214 304 22
215 13 22
215 129 13
215 648 10
216 97 12
216 1142 1
217 396 10
217 723 29
217 1074 22
218 98 7
218 292 22
218 1306 17
219 1368 30
220 44 15
220 483 21
220 546 17
220 843 24
220 1065 5
221 423 27
221 1336 6
222 491 27
222 780 21
222 1285 10
223 422 17
223 953 20
223 1400 15
225 58 25
225 117 15
225 193 11
225 379 25
225 562 26
225 1374 2
226 1039 8
226 1075 30
226 1169 4
227 280 19
227 614 1
227 967 13
227 1139 9
227 1225 14
228 1039 19
228 1319 30
229 141 30
229 395 11
229 727 7
229 1027 12
229 1415 27
230 498 30
230 499 8
230 1428 23
231 922 5
232 140 4
232 397 13
232 829 6
232 840 21
232 1481 2
233 522 20
233 1109 15
234 525 8
234 609 22
234 922 1
235 48 25
235 545 15
235 895 8
236 246 24
237 250 18
237 471 27
237 667 16
237 915 1
237 1320 5
237 1372 30
237 1470 11
238 1173 27
239 842 21
241 858 21
241 1406 3
242 368 3
242 600 17
242 1331 24
242 1387 10
242 1491 1
244 554 20
244 624 6
245 136 5
245 370 25
245 1077 26
245 1439 28
245 1494 14
246 846 2
246 861 27
246 1376 27
247 373 3
247 434 21
247 499 11
247 589 10
247 1207 7
248 745 29
249 433 28
249 1222 22
249 1410 21
251 132 25
251 334 13
251 617 1
253 41 21
253 284 26
253 664 14
253 974 15
253 1199 28
253 1311 30
254 230 8
254 887 29
255 261 23
255 452 19
255 823 4
255 881 27
255 1013 13
256 1023 29
257 182 17
257 465 18
257 807 1
258 298 13
258 539 14
259 314 25
259 474 26
259 1209 24
259 1359 4
260 33 2
260 60 14
261 1384 24
262 1106 15
263 405 4
263 797 18
264 166 20
264 935 27
265 163 30
265 252 15
265 1240 10
266 306 14
266 468 4
266 549 1
266 691 13
266 772 2
266 963 23
266 1277 1
266 1457 6
267 245 12
267 491 5
267 692 26
267 1087 20
267 1183 22
268 1213 18
270 198 2
270 1449 5
271 917 12
272 1328 27
274 420 20
274 1076 8
275 125 20
275 193 26
275 1091 1
275 1324 27
276 631 29
276 881 18
276 1002 16
277 75 25
277 122 17
277 410 22
277 1009 26
278 460 22
278 685 25
278 687 27
278 712 26
278 1040 26
279 851 11
279 870 26
281 216 23
281 892 14
281 979 30
281 1190 11
282 186 3
282 609 13
283 684 20
283 1172 27
284 1 9
284 210 24
285 313 23
285 549 28
285 1125 1
286 318 5
286 401 23
286 642 23
286 708 1
286 1302 14
287 2 2
288 218 8
288 227 30
288 262 10
288 1135 29
289 165 18
289 884 1
289 907 23
289 1196 6
289 1351 26
289 1434 10
290 244 16
290 836 13
291 1245 25
292 340 22
292 832 4
293 143 5
293 740 16
293 1002 16
294 229 16
294 452 12
294 756 24
294 881 9
294 1139 27
295 580 13
295 642 1
297 97 1
297 377 28
297 413 23
297 557 1
297 1093 3
297 1381 16
298 153 30
298 594 2
298 737 25
299 639 28
299 785 11
300 581 17
300 1061 20
300 1245 16
301 667 12
302 54 21
302 565 24
302 939 16
302 1043 15
303 383 15
303 604 19
303 913 11
303 1319 30
304 190 26
304 500 27
304 618 12
304 972 19
304 1110 27
304 1353 30
305 185 24
306 259 28
306 1125 30
306 1362 13
307 127 12
307 376 22
307 991 15
307 1020 28
307 1170 21
307 1445 8
308 103 22
308 729 18
309 446 19
309 483 1
309 570 29
309 757 4
309 971 12
309 1314 11
310 415 27
310 786 20
310 1039 18
310 1076 3
311 261 8
311 1125 28
312 814 3
312 825 4
312 1210 16
312 1296 6
313 14 14
313 122 13
313 165 27
313 588 29
313 700 2
313 1172 26
313 1178 11
313 1205 13
313 1285 9
314 367 25
315 31 2
315 627 29
315 1155 25
315 1281 24
316 96 8
316 142 13
316 251 16
316 1134 28
316 1359 8
317 96 27
317 339 8
317 403 5
317 751 8
317 1238 25
318 308 29
318 513 16
318 991 15
318 992 23
319 363 11
319 1423 30
320 315 28
320 1200 16
321 106 4
321 275 24
321 704 15
321 717 5
323 173 11
323 390 25
323 475 18
323 571 19
323 1423 12
324 655 19
324 1016 9
325 478 6
325 1270 4
325 1333 16
326 696 18
326 955 19
327 562 13
327 1171 17
328 851 8
328 854 13
328 960 13
328 1243 15
328 1439 7
329 550 12
330 169 22
330 414 13
330 1266 4
331 802 24
331 937 13
331 1176 24
332 198 10
332 823 16
332 1059 9
333 969 24
333 1113 21
334 60 20
334 157 18
334 643 30
334 1398 30
335 59 29
335 960 10
335 1029 1
336 78 26
336 318 14
336 422 16
336 442 13
336 456 24
336 650 21
336 672 22
336 712 23
336 1076 25
336 1136 4
336 1210 8
337 147 23
337 518 15
337 951 21
337 1092 6
337 1463 11
338 23 15
338 124 18
338 776 4
338 819 16
338 1262 25
339 366 12
339 376 9
339 542 15
340 8 23
341 98 18
341 373 6
341 973 15
342 830 9
342 1002 16
342 1254 15
343 5 4
343 550 21
343 715 22
343 1009 9
344 150 14
345 330 12
345 884 30
345 1102 7
345 1287 28
345 1371 3
346 453 6
346 907 21
347 875 10
347 932 18
347 1218 26
348 57 20
348 865 24
348 1054 13
348 1166 23
348 1226 9
349 9 7
349 242 26
349 357 9
349 517 14
349 1317 11
350 1425 27
351 249 19
351 293 25
352 285 5
352 1316 26
352 1380 1
353 395 8
353 495 16
354 209 22
354 611 16
355 224 30
355 1369 26
356 976 15
356 1466 28
357 159 23
357 762 10
359 314 3
359 1063 13
359 1208 19
360 694 12
360 748 30
361 162 8
361 194 6
361 538 12
361 559 22
361 1497 14
362 1209 11
363 304 17
363 473 23
363 652 16
363 959 19
364 241 11
364 474 26
364 804 5
364 1395 15
365 475 22
366 631 5
366 657 14
366 673 29
366 1124 19
367 625 30
367 1058 28
368 637 6
369 115 6
370 222 17
370 1124 20
371 124 15
371 947 11
371 1294 3
372 935 25
373 796 23
374 11 24
374 798 2
374 849 28
374 995 6
374 1184 15
374 1341 3
375 343 8
375 1434 24
376 577 17
376 754 15
377 1003 12
378 132 27
378 269 10
378 961 17
378 1090 3
379 292 23
379 544 21
379 1365 17
380 996 22
380 1133 1
380 1254 8
381 777 11
381 829 6
381 965 5
381 1100 28
382 680 26
382 1083 12
382 1237 8
383 487 20
386 985 6
386 1176 22
386 1372 13
387 116 30
387 554 11
387 687 10
387 1106 14
387 1340 14
389 30 9
389 773 7
389 903 22
389 1145 23
389 1455 19
391 760 11
391 1005 25
392 451 27
392 463 13
392 541 17
392 824 9
392 1398 29
393 77 30
393 391 10
393 735 28
393 887 11
393 1096 7
394 269 3
394 843 30
394 974 2
394 1100 14
395 130 29
395 469 13
395 473 11
395 619 21
395 740 18
395 1286 10
395 1460 23
396 414 27
396 1223 16
396 1366 28
397 101 28
397 876 22
397 1412 20
398 104 20
398 116 2
398 255 30
398 383 6
398 587 20
398 705 12
398 1080 23
398 1198 29
398 1342 3
399 120 14
399 518 30
399 580 22
399 707 24
400 194 6
400 237 24
400 508 15
400 1281 30
401 774 29
402 110 14
402 144 4
402 191 10
402 285 26
402 1220 21
402 1479 11
403 107 18
403 408 10
404 1012 26
406 355 16
406 848 7
406 1321 10
407 444 27
407 1285 26
407 1387 3
409 818 26
410 146 2
410 308 23
410 1298 29
411 697 16
411 726 13
411 847 23
411 890 21
411 1113 12
412 299 15
412 523 7
412 796 9
412 870 30
412 1214 21
412 1319 30
413 381 21
413 673 26
413 702 4
413 925 30
413 929 21
413 1100 24
415 914 10
415 1461 1
416 1428 3
417 293 28
417 350 8
417 605 9
417 801 7
417 836 4
417 1307 27
417 1456 9
418 69 21
418 447 20
418 1253 23
418 1291 11
419 420 27
419 792 5
420 427 4
420 472 17
420 524 8
420 1144 10
420 1422 23
421 95 17
422 295 1
422 1232 6
423 1162 16
423 1288 21
424 312 1
424 354 19
424 1107 12
424 1147 14
424 1169 5
425 990 22
425 1208 14
425 1262 7
425 1343 19
426 45 21
426 452 8
426 1471 17
426 1495 16
427 1190 26
428 541 17
428 767 6
428 877 15
428 1124 10
429 187 8
429 196 3
429 1141 14
430 2 11
430 25 19
430 114 22
430 116 12
430 557 4
430 1047 30
430 1108 13
430 1355 9
431 71 15
431 210 3
431 1264 9
432 399 26
432 479 15
432 611 22
432 696 30
432 1019 28
432 1194 27
432 1359 28
432 1490 8
433 419 9
434 278 27
434 1354 16
435 344 24
435 499 22
435 1153 2
435 1412 21
436 105 28
436 559 11
436 1125 29
437 607 30
437 975 25
437 1325 1
437 1491 19
438 154 8
438 394 13
438 453 14
438 1008 7
438 1373 17
439 752 22
440 193 13
440 581 11
440 876 30
441 80 8
441 579 17
441 1010 14
441 1218 29
442 254 14
442 634 10
442 735 19
443 510 13
443 539 19
443 892 15
443 905 28
443 938 4
444 361 29
444 996 30
444 1260 25
445 26 26
446 1491 10
447 493 15
447 645 18
447 1027 26
447 1039 15
447 1083 6
447 1195 25
448 299 19
448 753 11
448 971 1
448 1288 5
449 179 2
449 564 6
449 642 16
449 713 23
449 934 5
450 59 2
450 175 6
450 369 26
450 427 8
450 800 8
450 879 14
450 921 20
450 961 26
450 1135 20
450 1146 10
451 57 29
451 997 10
451 1049 9
451 1087 15
451 1128 6
452 199 10
452 442 29
452 482 23
452 971 6
452 1050 6
452 1373 20
453 337 22
453 433 24
454 95 22
454 466 15
454 626 29
454 1249 23
455 66 20
455 554 14
455 613 15
455 616 24
455 624 7
455 668 13
456 465 19
456 940 14
456 961 20
456 1170 24
457 835 4
457 1052 15
458 143 6
458 563 13
458 705 5
458 1081 15
459 179 13
459 626 12
459 633 12
460 1339 22
461 896 10
461 1074 26
461 1118 19
462 350 15
463 741 7
464 301 11
464 374 9
464 1066 28
465 362 17
465 1371 29
466 1316 20
467 226 6
467 1082 4
468 327 27
468 527 21
468 692 10
468 757 9
468 1152 10
468 1361 24
469 195 20
470 16 25
470 131 19
470 270 26
470 586 30
470 823 23
471 377 30
471 401 15
471 463 27
471 777 11
471 790 18
472 540 18
472 553 13
472 728 14
472 1374 29
472 1470 19
473 62 20
473 1356 1
474 597 27
474 675 18
474 808 17
474 868 17
474 1170 29
475 265 22
475 412 20
475 519 17
476 125 12
476 659 30
476 1417 17
477 10 13
477 201 15
477 640 6
477 725 30
477 805 25
477 838 23
477 952 29
477 1058 17
477 1270 23
477 1402 5
478 150 13
478 223 25
478 651 23
479 4 22
479 199 29
479 404 6
479 783 12
479 874 18
479 954 17
479 961 12
480 472 6
480 505 26
480 1368 20
481 954 23
482 48 17
482 1219 3
483 582 4
484 86 3
484 92 7
484 553 25
484 554 12
484 1176 19
485 191 9
485 777 9
485 810 18
486 349 25
486 640 2
487 291 9
488 965 3
489 1042 16
490 345 13
490 1310 7
491 1111 10
491 1372 27
492 44 21
492 524 9
492 1393 2
493 240 2
493 489 18
493 1441 11
494 1034 6
494 1397 23
494 1474 6
495 121 25
495 179 7
495 538 22
495 884 28
496 186 11
496 221 17
496 258 26
496 324 5
496 612 28
496 1187 14
496 1212 6
497 701 6
497 710 24
497 1374 30
498 96 7
498 865 24
498 1251 25
498 1345 22
498 1365 6
498 1457 1
499 37 24
499 423 25
500 168 21
500 352 24
500 1345 26
500 1408 15
501 133 11
501 651 6
501 720 20
501 737 25
501 1133 4
502 724 14
502 1448 2
503 112 25
503 231 3
504 372 4
504 439 11
504 1096 28
504 1228 8
504 1416 30
504 1436 4
505 827 5
505 983 6
505 1251 19
506 577 27
507 179 4
507 433 12
507 931 21
507 997 18
507 1296 9
507 1390 13
508 93 11
508 1062 3
509 520 26
509 645 26
509 826 21
509 1004 10
510 545 6
512 75 18
512 581 29
512 758 22
513 798 21
513 1347 4
514 103 15
514 513 8
514 574 7
514 1411 18
515 233 10
515 444 26
515 549 18
515 724 10
515 1110 21
516 661 22
517 730 7
517 1035 9
518 1231 10
518 1298 10
518 1491 12
519 680 22
519 777 19
520 1173 13
522 76 5
522 368 29
522 1254 7
522 1370 30
523 983 24
524 72 19
524 987 1
525 699 21
525 745 7
525 1120 29
526 473 13
526 594 19
526 1001 2
526 1150 27
526 1224 26
526 1229 30
526 1271 7
526 1386 28
527 367 18
527 606 24
527 1256 7
528 525 8
528 719 7
528 733 5
529 141 9
529 990 17
529 1055 6
529 1445 20
530 676 30
530 1427 25
531 297 24
531 591 26
531 848 23
531 1279 1
532 151 17
532 391 9
532 1398 19
533 149 17
534 266 21
534 496 17
534 914 15
534 1286 25
534 1334 6
534 1439 9
535 190 14
535 490 23
535 880 8
535 910 20
536 400 20
536 853 25
536 1402 5
537 167 18
537 755 25
537 1120 11
538 1066 22
538 1114 3
538 1173 19
538 1265 28
539 270 14
539 287 19
539 1032 22
539 1248 8
540 488 14
540 583 6
540 911 30
541 93 23
541 703 6
541 843 10
542 16 9
542 983 27
542 1336 27
542 1462 16
543 590 21
544 300 24
544 314 24
544 366 26
545 23 8
545 384 23
545 1298 15
546 255 28
546 491 10
546 507 19
546 598 7
546 832 4
546 876 22
546 1028 29
546 1290 6
547 99 10
547 432 18
547 1401 19
548 184 20
548 207 1
548 1079 18
549 60 26
549 115 6
549 344 17
550 345 18
550 893 4
551 187 27
551 715 26
552 305 30
552 790 15
553 394 3
553 452 12
553 1250 8
554 893 26
555 249 8
555 672 15
555 1308 11
556 342 14
556 637 4
556 874 20
557 330 25
557 1070 11
557 1134 15
557 1310 16
558 81 1
558 102 20
558 1127 25
558 1212 18
558 1310 30
558 1371 7
559 151 18
559 182 18
559 429 2
559 831 15
559 1034 26
560 31 19
560 32 18
560 86 22
560 256 6
560 1237 9
561 209 6
561 760 9
561 1439 13
561 1466 5
562 31 26
562 186 20
562 247 12
562 1138 6
562 1218 25
563 357 15
563 1144 17
564 390 19
564 494 25
564 1411 1
565 342 26
565 625 17
565 945 12
566 59 13
566 628 4
566 1324 4
567 11 19
567 808 13
567 811 21
567 1085 20
567 1127 28
568 644 8
568 659 8
568 847 7
568 935 22
568 1174 5
569 312 16
569 893 19
569 955 13
570 29 28
570 847 24
570 1002 1
570 1164 9
571 248 5
571 497 28
571 540 25
571 1498 11
572 14 15
572 54 6
572 701 28
572 1266 7
573 1334 1
573 1437 14
574 356 19
574 883 13
575 145 18
575 314 22
575 1101 1
575 1329 22
576 491 4
576 711 20
576 1140 11
576 1307 11
576 1400 19
576 1419 18
576 1448 24
576 1469 16
577 663 25
577 1145 13
577 1290 20
578 555 14
578 897 6
578 985 20
578 1173 14
578 1338 2
579 290 18
579 347 8
579 1474 12
580 701 24
580 786 13
580 800 9
581 1065 30
581 1084 6
581 1473 23
582 18 10
582 895 10
582 1138 2
584 1279 1
585 145 11
585 216 15
585 400 26
585 470 22
586 1066 26
586 1364 29
587 409 3
588 126 13
588 559 22
588 985 18
589 77 29
589 217 4
589 488 7
590 517 12
590 939 9
591 591 27
591 1052 25
592 158 2
592 456 6
592 464 24
592 652 14
592 791 21
592 855 29
592 1092 14
593 464 20
593 548 26
593 925 28
593 987 22
594 426 5
594 1045 21
595 139 22
595 397 15
595 845 6
595 1375 10
596 931 29
598 410 1
598 766 8
598 1487 1
599 334 5
599 758 29
599 926 10
600 163 3
600 937 3
600 1342 16
601 124 6
601 348 3
601 1029 4
601 1395 22
602 136 27
602 257 1
602 344 7
602 423 10
603 374 21
603 733 5
603 1188 15
603 1243 3
604 866 30
604 878 13
605 552 24
605 697 5
605 776 25
606 21 7
606 133 11
606 442 30
606 553 16
606 1119 1
606 1219 22
607 425 15
607 730 1
607 1407 26
608 129 14
609 738 2
609 1074 20
609 1255 8
609 1331 18
609 1402 17
610 825 10
610 1323 13
611 1134 8
612 307 6
612 328 14
612 813 7
612 882 7
612 1068 4
612 1285 11
612 1418 14
613 352 28
613 454 3
613 663 18
613 738 13
613 969 29
614 1091 12
614 1313 20
615 34 1
615 78 4
615 836 27
615 1311 2
616 636 25
617 834 12
617 1090 24
617 1461 13
618 316 25
618 1086 26
619 207 24
619 1261 2
620 543 5
620 628 11
620 755 3
620 773 17
620 986 10
620 1233 1
621 42 30
621 306 16
621 1287 29
622 301 26
622 701 19
622 767 12
622 1086 23
622 1173 13
622 1230 29
623 551 28
623 873 11
623 1391 3
624 20 17
624 121 3
624 491 6
624 1088 5
624 1186 4
625 729 30
625 889 16
625 1203 20
625 1365 4
626 461 2
626 524 7
626 659 28
626 1261 25
627 457 11
628 216 30
628 449 20
628 607 27
628 691 9
629 313 20
629 370 19
629 892 17
629 1240 18
629 1298 14
630 235 27
630 404 22
630 535 28
630 554 9
630 846 12
630 1167 25
630 1329 11
631 368 14
631 370 3
631 864 13
632 238 19
632 376 8
633 10 9
634 401 11
634 878 15
634 1317 20
635 182 14
635 376 17
635 1015 26
636 687 11
638 1226 3
639 719 6
639 1139 10
639 1343 22
639 1413 2
640 191 11
640 386 3
640 534 20
640 763 27
640 832 13
640 1180 25
640 1396 23
641 76 26
641 455 23
641 817 23
641 984 7
642 119 9
642 258 3
643 1269 21
644 638 12
645 212 7
645 465 9
646 870 19
646 1112 7
647 280 19
647 1373 25
648 258 26
648 319 3
648 768 3
648 1108 21
649 154 5
649 913 6
649 1467 26
649 1480 15
650 628 19
650 1291 20
651 85 25
651 206 14
651 369 1
651 544 13
651 687 26
651 1159 26
652 167 5
652 341 21
652 368 10
652 451 19
652 874 27
652 1038 18
654 165 21
654 293 9
654 318 21
654 1107 19
655 566 10
655 844 1
655 935 26
655 1330 28
655 1423 26
656 687 21
657 217 22
657 412 28
657 754 12
657 787 27
657 1040 25
657 1493 29
658 600 3
658 710 14
658 918 18
658 919 27
658 1131 27
659 281 19
659 432 9
659 1012 14
659 1275 6
660 7 5
660 1441 4
663 222 15
663 399 23
663 437 22
663 1021 24
663 1084 5
663 1138 23
663 1182 15
663 1325 15
664 350 2
664 518 7
664 1066 10
664 1447 29
665 740 2
666 71 23
666 849 13
667 139 22
667 499 4
667 751 1
668 296 16
668 674 2
668 1345 3
668 1437 29
669 521 12
669 1091 21
670 1026 17
671 797 30
671 951 29
671 1277 30
672 238 27
672 599 25
672 777 25
672 787 11
672 1079 9
673 252 9
673 537 26
673 1015 5
673 1184 1
674 77 2
674 430 19
674 776 2
675 91 9
675 229 21
675 750 22
675 938 10
675 1197 13
676 99 4
676 467 1
676 616 8
676 953 26
677 93 9
677 534 9
677 984 28
678 708 7
679 231 20
679 487 18
679 519 24
679 563 11
679 1079 8
680 175 15
680 202 7
680 501 24
680 561 10
680 735 9
680 1033 24
680 1068 18
680 1301 5
681 753 28
681 1426 18
682 1100 28
682 1472 9
683 422 11
683 434 6
683 698 29
683 1283 2
685 606 8
685 642 3
685 1034 6
685 1286 30
685 1295 10
685 1393 23
686 68 8
686 985 10
686 1143 21
686 1379 15
687 300 30
687 373 30
687 431 30
687 624 2
688 454 30
688 1017 6
690 528 1
690 547 23
690 1212 15
691 898 9
691 1190 17
691 1267 24
691 1497 5
692 96 6
692 166 3
692 207 3
692 451 14
693 9 13
694 662 8
694 1244 4
694 1317 15
695 520 7
695 889 6
696 129 12
696 322 7
696 804 7
696 852 4
696 896 14
696 1020 17
696 1248 24
697 34 28
697 1156 8
697 1219 16
698 30 19
698 218 9
698 613 15
698 790 25
698 1381 9
698 1390 7
699 58 1
699 159 10
699 500 15
699 504 25
699 715 6
699 741 21
699 1047 27
699 1233 8
700 631 26
701 116 10
701 1182 8
702 543 30
702 921 16
703 238 14
703 1417 27
703 1434 27
704 134 20
704 238 4
704 1491 30
705 414 4
705 734 12
705 793 16
705 1438 23
706 450 19
706 475 1
707 1473 4
708 209 27
708 984 7
708 1203 28
708 1373 28
709 733 5
709 842 20
710 331 29
710 896 20
710 944 14
710 1047 4
711 1034 2
711 1101 3
711 1387 12
712 1448 27
713 185 4
713 319 11
713 548 18
713 718 19
713 782 24
713 1038 15
713 1362 7
713 1453 6
714 508 10
714 797 28
714 1147 9
714 1396 21
714 1445 13
715 298 23
715 540 1
715 786 5
715 910 26
715 951 19
716 313 3
716 848 15
717 502 8
717 1308 8
718 45 5
718 106 6
718 1154 19
719 56 10
719 616 10
719 1076 20
719 1103 4
720 172 13
720 233 16
720 951 29
721 465 15
722 42 26
723 4 9
724 289 8
725 384 10
725 1455 15
726 248 13
726 340 11
726 771 13
727 208 13
727 764 23
727 892 17
728 157 6
728 225 15
728 355 14
728 1109 23
728 1168 3
729 174 16
729 188 8
729 604 11
729 711 15
729 1127 4
729 1341 16
730 187 3
730 478 5
730 1120 17
730 1227 22
730 1245 9
731 295 21
731 656 30
731 851 7
731 1494 5
732 244 25
732 858 16
732 1166 5
732 1479 26
733 93 22
733 138 9
734 1179 28
734 1466 26
735 284 22
735 452 20
736 241 13
736 626 19
736 1061 26
736 1092 18
737 92 11
737 219 28
737 275 25
737 488 10
737 847 8
737 897 10
737 1125 13
737 1441 16
738 18 4
738 834 10
738 884 24
738 956 26
738 1110 18
739 191 7
739 1172 25
740 408 16
741 349 11
741 429 11
741 1494 23
742 513 7
742 813 6
742 865 15
743 195 16
743 417 3
743 712 10
743 845 29
743 960 14
744 6 14
744 511 17
744 539 9
744 743 23
744 988 27
744 1134 28
744 1217 18
744 1480 29
745 727 6
745 1473 19
747 634 11
747 878 13
748 755 22
749 230 20
749 345 28
749 396 17
749 413 29
749 501 4
749 1431 3
750 1443 7
751 173 7
751 1176 5
753 264 29
753 1376 13
753 1428 10
753 1449 5
754 94 20
754 168 4
754 631 7
755 337 18
755 962 9
755 972 12
755 1143 4
756 27 9
756 689 5
756 903 23
757 68 7
757 744 14
757 1256 21
757 1371 4
758 835 2
758 873 23
758 1008 16
758 1116 23
759 3 5
759 1095 5
760 107 2
760 337 25
760 908 9
760 965 26
760 1347 1
761 610 15
761 791 1
762 119 22
762 795 19
762 1028 2
762 1489 18
763 77 9
763 380 28
763 1172 24
764 563 26
764 826 6
764 1477 28
765 125 22
768 400 15
768 430 2
768 976 14
768 1215 13
769 610 15
769 1065 4
769 1462 16
770 15 8
770 78 18
770 161 23
770 345 30
770 575 22
770 1175 19
771 445 23
771 814 17
772 74 27
772 308 19
774 393 9
774 1420 11
775 327 11
775 980 30
775 1326 30
776 544 12
776 586 18
776 1138 8
776 1292 9
777 66 3
777 522 25
777 695 7
778 501 30
778 514 16
778 715 13
778 1116 23
778 1441 29
779 116 17
779 544 7
779 1301 24
779 1343 24
780 44 6
780 299 4
780 301 16
780 525 28
780 822 25
780 1406 26
781 459 20
781 533 3
781 591 23
781 831 30
781 927 12
782 375 3
782 1122 2
783 648 3
784 163 24
784 690 6
785 503 12
785 872 23
786 372 6
786 656 7
786 800 18
786 1231 12
787 353 6
787 486 25
787 790 16
788 293 29
788 330 16
788 928 2
789 24 27
789 408 9
789 1000 25
789 1403 25
790 85 4
790 224 2
790 952 22
790 1262 29
791 642 28
791 820 11
792 507 23
792 1142 20
793 134 3
793 261 26
793 667 14
793 1464 4
794 268 29
794 1317 30
795 106 9
795 954 2
795 1148 22
796 141 15
796 819 8
796 970 1
796 999 18
797 106 14
797 329 26
797 1207 4
798 1415 4
798 1442 11
799 41 5
799 477 22
799 674 11
799 755 30
799 1287 8
800 19 15
800 483 1
800 684 29
800 1053 5
801 279 20
801 347 2
801 412 27
801 702 9
801 1376 4
802 662 15
802 707 23
802 973 29
802 993 13
802 1458 22
803 1135 30
803 1362 14
805 162 5
805 1091 14
805 1292 14
805 1362 6
806 269 23
806 333 19
806 1372 23
807 199 26
808 16 14
808 63 25
809 419 23
809 438 27
809 495 5
809 1333 14
810 534 5
811 138 11
811 161 6
811 694 3
811 1339 7
812 72 26
812 177 4
812 532 26
812 789 4
813 61 29
813 268 10
813 427 18
813 1249 28
814 35 14
814 646 1
814 1204 27
814 1314 27
814 1444 28
815 287 2
815 289 2
815 1390 25
816 53 24
816 157 20
816 161 17
816 309 12
816 755 3
816 1027 11
817 93 4
817 140 30
817 428 7
817 551 17
817 1244 4
818 11 10
818 593 22
818 708 6
818 1037 16
818 1446 9
818 1482 2
819 31 11
819 75 13
820 40 30
820 397 20
820 710 22
820 988 19
821 240 3
821 907 15
822 1190 15
823 405 22
824 511 12
824 990 8
824 1332 15
824 1361 6
825 885 2
825 1033 5
825 1106 14
826 16 13
826 528 7
826 700 16
826 1093 8
826 1157 28
826 1335 14
826 1466 16
827 550 1
827 589 23
827 680 7
827 703 29
827 888 1
828 140 16
828 453 22
828 1026 11
828 1241 20
829 328 13
829 1024 23
829 1369 3
830 618 2
830 1191 17
831 441 17
831 547 8
831 930 30
831 1491 20
832 157 16
832 935 15
833 912 17
833 1122 9
833 1140 11
834 89 30
835 880 13
835 1081 9
835 1208 7
835 1249 20
835 1269 7
836 259 21
836 326 5
836 933 29
836 973 13
836 1184 3
837 386 19
837 765 13
837 1030 10
838 49 10
838 118 16
838 460 21
838 513 23
838 813 30
838 951 24
839 856 16
839 1027 16
839 1220 2
839 1246 23
839 1303 8
840 403 22
840 1099 30
840 1182 22
840 1247 8
842 91 8
842 371 24
842 515 30
842 607 12
842 956 2
842 1072 6
842 1276 1
842 1491 8
843 557 26
843 1175 27
844 9 29
844 716 1
845 793 22
845 865 17
846 338 5
847 103 23
847 909 19
848 886 12
848 1250 14
849 767 11
849 1062 11
849 1164 29
850 62 18
850 456 27
850 852 30
850 950 10
850 965 26
850 1039 13
851 735 2
852 15 9
853 215 13
853 339 1
853 1126 2
853 1282 12
855 560 13
857 56 3
857 79 9
857 383 13
857 1110 11
858 776 27
858 804 2
858 1483 9
859 200 27
859 378 15
859 1070 17
859 1095 23
860 1018 7
860 1184 5
861 374 5
861 449 12
861 847 7
861 878 15
861 983 10
861 1256 24
862 358 3
862 386 2
862 889 26
862 1119 28
862 1265 6
862 1374 27
863 217 6
863 1061 18
863 1073 27
863 1267 7
863 1303 21
864 251 9
864 716 2
864 1099 22
865 585 14
865 813 4
865 837 18
865 1434 7
866 70 4
867 820 6
867 873 21
867 1205 20
868 140 28
868 309 19
868 610 25
868 767 24
868 969 1
868 1069 1
869 653 1
869 1022 2
869 1117 17
869 1256 25
869 1366 25
870 161 12
870 899 23
870 1059 1
870 1064 30
870 1451 20
871 268 10
871 900 18
871 1008 19
871 1284 23
872 104 27
872 390 20
872 791 14
872 1045 2
873 690 23
874 58 23
874 584 30
874 600 26
874 812 28
875 987 20
875 1320 15
876 803 17
876 1040 30
877 87 1
877 490 3
877 574 30
877 1122 24
878 212 3
878 1294 24
879 733 10
880 23 27
880 41 18
880 331 13
880 802 11
880 893 10
881 1148 12
881 1322 23
882 257 12
882 322 29
882 1199 11
883 1021 4
883 1147 17
883 1255 22
883 1322 9
883 1473 10
884 724 14
884 1163 1
884 1179 9
885 339 1
885 1287 20
886 273 20
886 406 7
886 1451 28
887 137 20
887 1371 30
887 1478 22
888 246 11
888 1238 23
890 33 24
890 249 26
890 1448 24
891 586 13
891 1122 14
891 1142 6
891 1194 15
891 1428 23
892 1375 9
893 210 7
894 575 4
894 851 29
894 1026 9
895 158 29
895 1047 16
895 1429 30
896 189 29
896 315 17
896 402 5
896 870 21
896 1079 26
897 613 27
897 1248 10
898 710 7
898 1056 4
898 1466 30
899 315 18
899 1283 3
900 42 21
901 634 21
901 1091 17
901 1170 7
902 288 16
902 1317 10
902 1407 11
902 1489 21
903 787 7
903 1273 17
903 1316 14
904 836 15
904 1127 24
905 121 9
905 1441 5
906 835 24
906 914 30
907 674 20
907 720 16
908 166 28
908 1267 29
908 1322 20
909 17 19
909 231 16
910 627 17
910 1306 20
910 1481 22
911 207 12
911 354 11
912 187 2
912 550 6
912 1362 2
913 1234 22
914 453 14
914 1300 30
915 130 29
915 353 23
915 393 2
915 923 20
916 868 21
917 46 18
917 244 3
917 247 27
917 284 3
917 392 3
917 479 1
917 958 27
918 247 24
918 561 13
918 1074 12
919 1407 22
920 248 11
920 938 23
921 26 2
921 133 26
921 366 1
921 451 13
921 653 9
922 73 12
922 138 24
922 201 10
922 226 9
922 398 17
922 490 1
922 1461 22
923 633 8
924 30 30
924 350 6
924 384 9
924 591 19
924 1204 26
925 199 26
925 1228 13
925 1257 14
927 827 29
927 877 7
927 922 15
927 1492 17
928 109 1
928 477 19
928 707 28
928 709 14
928 856 29
929 814 20
929 1233 7
929 1415 16
930 423 13
930 1367 11
931 1101 24
931 1323 24
932 673 4
932 1470 4
933 573 25
934 581 12
934 584 26
934 860 16
934 862 11
934 1206 17
935 1416 22
936 1379 19
937 385 27
937 728 9
938 730 7
938 772 1
938 840 23
938 1485 27
939 1366 8
940 606 29
940 607 13
940 764 30
940 1266 17
940 1410 2
941 5 5
941 139 7
941 684 13
942 265 3
942 347 22
942 788 25
943 869 13
943 1140 15
943 1168 11
943 1191 9
943 1464 10
944 57 5
944 342 20
944 359 6
944 967 12
945 276 23
945 840 22
946 70 3
947 156 11
947 406 11
948 158 4
948 259 9
949 530 11
949 603 18
949 1023 5
949 1168 18
949 1426 16
950 75 17
950 1048 9
950 1104 24
950 1238 10
951 423 13
951 430 22
951 518 23
952 395 15
952 674 13
952 928 17
952 1063 28
953 523 19
953 1379 27
954 803 28
955 942 29
955 1147 23
956 1241 17
957 841 26
957 1371 5
957 1409 1
957 1474 9
958 759 29
958 929 12
958 1238 19
959 374 2
959 1358 12
960 146 30
960 208 19
960 562 17
960 639 9
961 562 26
961 694 25
962 56 18
962 408 11
962 760 5
962 1461 30
963 808 2
963 1237 27
964 1291 7
965 353 6
965 648 5
965 837 26
965 895 25
965 1428 2
967 930 23
967 937 23
968 167 24
969 1458 1
970 84 10
970 568 28
970 1053 2
970 1379 18
971 34 27
971 365 5
971 841 7
971 1216 20
972 20 16
972 940 6
973 215 1
973 230 24
973 1309 14
974 265 18
974 480 11
974 1499 1
975 243 29
976 25 7
976 264 23
976 513 22
976 848 3
976 854 21
976 1366 28
976 1400 29
977 231 16
977 797 14
977 1453 30
978 34 30
978 477 28
978 1328 16
980 201 30
981 1182 7
981 1324 5
982 1084 23
982 1301 24
983 310 23
983 411 27
984 636 30
985 71 5
985 731 5
985 823 5
986 1027 5
986 1460 28
987 702 11
987 781 14
987 1194 8
987 1484 3
988 806 12
989 167 6
989 669 25
989 1060 26
989 1062 8
990 937 7
990 1266 15
991 23 29
991 456 14
991 779 28
991 952 20
992 139 13
992 252 25
992 267 5
992 393 5
992 661 1
992 1452 2
993 211 27
993 459 24
993 759 16
994 24 16
994 270 16
994 772 20
994 1128 20
994 1202 20
994 1365 24
995 297 9
996 56 22
996 1188 8
996 1307 9
996 1415 25
997 63 11
997 1274 14
999 96 11
999 976 28
999 1200 14
1000 278 18
1000 995 12
1000 1092 12
1000 1220 1
1001 50 9
1001 552 1
1001 657 14
1001 866 3
1001 1044 28
1002 876 10
1003 166 25
1003 574 29
1003 600 6
1005 1291 11
1005 1385 14
1006 550 21
1007 411 26
1009 54 4
1009 258 2
1010 43 7
1010 460 19
1010 490 11
1010 824 29
1010 1131 18
1010 1167 19
1010 1169 23
1010 1442 21
1011 19 2
1011 193 25
1011 530 18
1011 747 7
1011 969 12
1011 1441 30
1012 48 18
1012 262 5
1012 403 30
1012 656 19
1012 1317 10
1013 105 25
1013 330 16
1013 413 19
1013 571 19
1013 929 6
1013 1376 24
1014 453 29
1014 1307 19
1014 1471 7
1015 1090 24
1015 1228 14
1015 1307 30
1016 103 1
1016 1417 25
1018 156 10
1018 390 21
1019 609 12
1020 630 20
1020 886 5
1021 172 2
1021 522 14
1021 697 29
1021 795 20
1022 1073 20
1022 1419 3
1023 181 11
1023 876 8
1023 1425 7
1024 1370 10
1025 531 18
1025 653 16
1025 778 4
1025 1159 25
1025 1442 4
1026 70 23
1026 400 30
1026 422 19
1027 336 13
1027 350 10
1027 843 17
1027 852 29
1027 1187 16
1028 463 17
1029 713 21
1030 18 10
1030 998 18
1030 1224 11
1030 1253 21
1030 1442 8
1031 304 7
1031 321 15
1031 1051 21
1031 1422 5
1032 105 26
1032 1044 10
1032 1495 29
1033 224 6
1033 311 9
1033 491 5
1034 639 15
1034 950 18
1034 1076 12
1034 1299 11
1035 485 12
1036 196 15
1037 128 25
1037 221 3
1037 797 26
1037 1421 7
1038 259 13
1038 346 4
1038 1177 27
1038 1421 20
1038 1474 20
1039 226 17
1039 586 29
1039 1090 8
1039 1186 19
1039 1211 11
1039 1363 15
1040 203 25
1040 663 25
1040 1371 27
1041 85 22
1041 756 20
1041 1198 28
1042 212 20
1042 254 25
1042 288 7
1042 518 17
1042 1187 2
1042 1394 24
1043 142 28
1043 1411 4
1044 120 28
1044 271 5
1044 914 28
1044 1020 30
1044 1305 30
1045 176 26
1045 371 4
1045 962 25
1045 1422 23
1046 185 23
1047 97 15
1047 963 9
1048 155 21
1048 1353 14
1049 27 20
1049 113 24
1049 1018 20
1049 1193 14
1050 146 18
1050 309 16
1051 742 27
1051 1227 30
1052 1030 13
1053 22 17
1053 30 24
1053 374 11
1053 389 25
1053 614 17
1053 802 27
1053 1219 22
1053 1468 20
1054 75 24
1054 769 18
1054 1107 17
1055 104 23
1055 196 9
1055 1140 5
1056 230 27
1056 1039 4
1056 1299 27
1057 638 11
1057 1492 18
1058 1126 27
1059 413 24
1060 511 1
1060 650 16
1060 1383 17
1061 224 12
1061 232 22
1062 325 26
1062 361 27
1062 1432 18
1063 390 25
1063 757 1
1064 384 26
1065 23 19
1066 121 12
1066 772 20
1068 1284 27
1068 1352 8
1068 1433 4
1069 165 9
1069 1303 1
1069 1377 21
1070 237 17
1070 326 15
1070 729 30
1070 887 21
1071 435 3
1071 944 3
1071 1286 17
1072 35 14
1072 161 12
1072 1090 6
1073 154 29
1073 290 4
1073 956 21
1074 485 15
1074 648 15
1075 1261 12
1076 420 10
1076 762 11
1076 939 22
1076 1195 5
1077 94 11
1077 120 17
1077 542 15
1077 1005 14
1077 1102 29
1078 950 3
1079 486 21
1079 1361 2
1079 1436 11
1080 248 13
1080 375 14
1080 556 28
1080 714 28
1080 740 13
1081 749 18
1081 1288 22
1082 619 7
1082 1093 27
1082 1428 27
1083 114 10
1083 704 2
1084 1071 25
1085 629 13
1085 1407 14
1085 1480 9
1086 17 27
1086 438 26
1086 1288 11
1087 45 29
1087 810 17
1088 343 7
1088 375 2
1088 1353 25
1089 198 21
1089 865 15
1090 442 23
1090 756 23
1090 880 28
1090 967 16
1090 1013 26
1091 133 2
1091 269 30
1091 497 23
1092 481 21
1092 902 4
1092 1322 2
1092 1489 13
1093 584 3
1093 1203 28
1093 1342 9
1094 369 12
1094 700 21
1094 891 26
1095 721 25
1095 1240 5
1095 1349 4
1096 698 13
1096 1477 22
1097 123 6
1097 209 12
1097 894 30
1097 1171 12
1098 453 5
1098 965 24
1099 469 24
1099 965 19
1099 1091 9
1100 14 17
1100 635 8
1100 840 24
1100 861 4
1100 1430 10
1101 57 15
1101 624 26
1101 1065 30
1101 1106 19
1102 112 19
1102 115 4
1102 214 13
1102 1001 9
1103 1126 13
1103 1290 24
1103 1365 29
1104 1180 8
1104 1299 18
1106 42 25
1106 320 3
1106 344 23
1106 470 8
1106 473 1
1106 940 4
1107 298 7
1107 415 12
1107 536 30
1108 757 23
1109 1195 6
1110 111 10
1110 227 23
1110 502 14
1111 668 18
1111 697 16
1111 698 17
1111 1211 19
1112 415 23
1112 852 4
1112 854 10
1112 1158 3
1113 302 22
1113 817 14
1113 956 15
1114 294 22
1114 507 18
1114 911 8
1114 1006 21
1114 1416 17
1115 1425 18
1117 492 7
1117 549 19
1118 600 10
1118 842 15
1118 1132 11
1118 1161 5
1119 73 13
1119 277 23
1119 893 4
1119 971 5
1119 1477 20
1120 647 13
1120 792 27
1120 823 3
1121 561 22
1123 200 5
1123 243 11
1123 659 10
1123 822 19
1123 1368 6
1123 1426 20
1124 131 21
1124 412 19
1124 747 3
1124 801 5
1124 877 11
1124 1138 20
1125 149 4
1125 857 1
1125 1161 28
1126 174 21
1126 277 29
1126 294 8
1127 131 22
1127 412 13
1127 538 19
1127 626 26
1128 66 26
1128 149 11
1128 495 29
1128 599 22
1129 1335 22
1130 112 12
1130 791 11
1130 1223 16
1130 1379 25
1131 149 7
1131 417 18
1131 730 5
1131 1050 25
1131 1111 23
1132 658 24
1132 1270 15
1133 29 11
1133 837 18
1133 1300 11
1133 1423 21
1134 535 29
1134 653 14
1134 725 13
1134 1247 26
1135 103 27
1135 135 12
1135 303 3
1135 557 18
1135 1209 16
1136 153 21
1136 626 14
1136 1431 3
1137 285 23
1137 1213 4
1138 465 25
1138 1029 6
1139 673 7
1139 1057 5
1139 1087 21
1139 1467 2
1140 113 11
1140 398 8
1140 661 6
1140 769 27
1140 920 30
1140 1199 21
1141 1397 11
1142 496 3
1142 1075 8
1144 119 13
1144 488 23
1144 958 28
1144 975 26
1145 67 6
1145 112 23
1145 372 14
1145 606 9
1145 714 17
1145 722 2
1147 183 24
1147 568 30
1147 859 7
1147 1178 19
1147 1295 22
1148 305 10
1148 1209 13
1149 519 20
1149 1220 17
1150 27 9
1150 116 10
1150 473 18
1150 869 11
1150 1032 18
1150 1059 15
1150 1184 7
1150 1197 9
1151 2 5
1151 720 9
1151 1069 11
1151 1167 4
1151 1345 21
1152 505 4
1153 562 23
1153 602 8
1153 636 1
1153 1214 7
1154 155 22
1154 592 1
1154 797 23
1154 819 15
1155 47 16
1155 189 22
1155 387 21
1156 1136 4
1157 521 6
1157 888 22
1158 632 16
1158 747 25
1158 1037 8
1158 1111 16
1158 1234 26
1159 54 17
1159 352 26
1159 506 13
1159 597 23
1159 1121 24
1159 1129 14
1159 1178 19
1160 255 2
1160 580 24
1160 624 14
1160 989 14
1160 1160 19
1160 1429 6
1161 243 22
1161 565 11
1162 15 12
1162 1111 5
1162 1439 11
1162 1492 5
1163 340 19
1163 747 27
1163 792 18
1163 1084 1
1163 1384 30
1164 607 15
1164 1397 22
1164 1499 8
1165 508 1
1165 934 22
1165 1473 23
1165 1484 27
1166 864 30
1166 998 11
1167 448 1
1167 1269 23
1169 263 4
1169 815 14
1170 32 3
1170 622 28
1170 1077 30
1171 38 17
1172 1008 11
1172 1348 18
1173 376 22
1176 208 24
1176 385 21
1176 635 26
1176 949 20
1176 1216 1
1176 1370 30
1177 1160 30
1178 532 27
1179 795 9
1179 911 30
1179 1027 19
1179 1387 16
1180 35 14
1180 967 26
1181 110 16
1181 798 27
1181 887 10
1182 421 4
1182 890 18
1182 1207 20
1183 485 5
1183 491 2
1183 1047 24
1183 1461 10
1184 1 5
1184 197 13
1184 1026 1
1184 1097 21
1185 109 15
1185 1374 19
1186 222 4
1187 96 9
1187 548 1
1187 834 29
1187 1067 20
1188 1073 1
1189 187 20
1189 621 20
1189 903 20
1189 1142 29
1189 1326 11
1189 1447 8
1190 76 6
1190 518 24
1190 1022 25
1191 144 13
1191 557 12
1191 734 4
1191 1223 17
1191 1497 30
1192 335 24
1192 750 13
1192 839 1
1193 293 9
1194 285 14
1194 790 5
1196 293 13
1197 319 15
1197 836 17
1197 1284 27
1198 310 25
1198 1190 21
1198 1394 27
1198 1495 25
1199 669 19
1199 925 17
1199 934 17
1200 153 9
1200 276 6
1200 667 6
1200 731 29
1201 333 16
1201 383 5
1201 386 26
1201 581 2
1201 1129 29
1201 1324 8
1201 1389 5
1202 1066 25
1202 1158 16
1203 41 4
1203 620 10
1203 1267 28
1203 1311 27
1204 118 10
1204 538 4
1204 826 1
1204 849 22
1204 1100 18
1206 546 10
1206 907 18
1206 1166 4
1206 1175 30
1206 1392 7
1207 176 28
1207 379 10
1207 922 23
1207 1104 14
1208 20 18
1208 194 20
1210 31 12
1210 395 8
1211 101 27
1211 174 16
1212 145 3
1212 403 28
1212 925 7
1212 1441 3
1213 945 25
1213 1093 1
1214 640 18
1214 919 20
1215 147 2
1216 1434 8
1217 326 16
1217 636 11
1218 224 11
1218 358 9
1218 514 2
1218 624 20
1218 986 18
1218 1184 11
1219 950 23
1220 20 9
1220 1321 17
1220 1492 12
1221 27 18
1222 445 1
1222 477 17
1222 746 28
1222 1083 20
1223 1309 28
1224 72 5
1224 294 17
1224 455 6
1224 1115 30
1225 658 6
1226 365 12
1226 379 2
1226 668 30
1226 942 4
1227 208 19
1227 211 20
1227 327 5
1227 672 18
1227 890 5
1227 1104 7
1227 1140 28
1228 879 5
1229 89 30
1229 794 17
1230 1262 22
1230 1365 10
1230 1402 9
1231 717 30
1231 868 19
1232 211 12
1232 388 18
1232 531 19
1232 572 29
1232 1076 7
1232 1317 9
1232 1479 26
1233 496 3
1233 945 25
1233 1146 1
1233 1299 2
1234 1208 22
1234 1249 4
1235 611 25
1235 613 22
1235 1020 7
1235 1360 6
1237 139 3
1237 195 3
1237 589 23
1237 791 29
1237 1044 9
1238 226 21
1238 575 4
1238 743 30
1239 476 29
1240 57 17
1240 282 10
1240 1352 30
1241 241 17
1241 373 28
1241 647 11
1241 1314 26
1241 1379 8
1241 1392 9
1243 47 24
1243 254 16
1243 413 27
1243 569 26
1243 1397 2
1244 157 19
1245 755 28
1245 1153 24
1246 94 23
1246 329 14
1246 540 7
1248 285 21
1248 319 19
1248 469 1
1248 1046 16
1248 1081 12
1249 148 29
1249 610 16
1249 1254 24
1250 1289 24
1251 279 16
1251 636 22
1251 1053 11
1253 947 25
1254 92 21
1254 384 19
1254 960 14
1254 1040 24
1254 1289 6
1255 346 21
1255 715 2
1256 202 29
1256 485 29
1256 1251 20
1256 1484 24
1257 505 22
1257 871 9
1257 1045 13
1259 331 7
1259 1413 1
1260 372 27
1260 527 13
1260 670 13
1260 757 7
1260 996 5
1260 1077 28
1261 1197 10
1261 1415 4
1262 753 14
1262 885 3
1262 1309 19
1263 334 21
1263 593 17
1263 791 29
1264 474 15
1264 551 29
1264 1134 9
1264 1342 20
1264 1381 22
1265 9 14
1265 1115 2
1265 1131 16
1266 1375 12
1266 1451 30
1266 1458 5
1267 96 28
1267 198 14
1267 1153 13
1268 572 10
1268 744 20
1268 985 5
1268 1263 28
1268 1370 25
1269 194 18
1269 1306 5
1270 114 29
1270 248 7
1270 491 6
1271 131 24
1271 691 12
1271 723 9
1271 883 13
1271 1107 2
1273 57 17
1273 1165 11
1273 1203 8
1273 1241 7
1274 17 12
1274 96 27
1274 489 29
1275 157 25
1275 1300 21
1276 818 6
1277 890 29
1277 977 12
1278 278 2
1278 302 26
1278 1062 25
1278 1199 15
1279 115 27
1279 373 15
1279 833 11
1279 937 17
1279 1050 9
1279 1072 20
1280 540 21
1280 554 29
1280 1313 27
1281 499 26
1281 745 23
1281 895 8
1282 1286 26
1283 685 5
1283 801 10
1283 1489 4
1284 279 7
1284 556 17
1285 18 11
1285 355 18
1286 77 6
1286 119 1
1287 368 13
1287 485 26
1287 565 6
1287 917 3
1288 248 7
1288 834 7
1288 988 28
1288 1382 2
1289 51 13
1289 1003 16
1290 539 16
1290 910 16
1290 1324 2
1291 81 16
1291 352 5
1291 773 14
1291 1126 14
1291 1449 1
1293 1219 2
1293 1285 6
1294 947 1
1294 1099 19
1295 355 2
1295 417 10
1295 643 23
1295 679 9
1295 947 18
1295 1029 25
1295 1307 18
1295 1389 23
1296 445 25
1296 576 22
1296 1454 18
1297 71 22
1297 168 24
1297 191 17
1298 116 20
1298 287 13
1298 762 18
1298 1229 3
1299 407 21
1299 964 25
1299 977 18
1300 377 22
1301 520 10
1301 1024 14
1301 1037 28
1301 1421 15
1302 238 15
1302 843 29
1302 1020 13
1302 1475 7
1302 1479 9
1303 727 14
1304 250 8
1304 765 23
1305 433 14
1305 746 25
1305 1472 17
1306 414 24
1306 758 10
1306 798 11
1306 911 15
1306 1389 27
1306 1497 2
1307 1016 1
1307 1308 13
1307 1346 22
1308 405 5
1308 465 22
1308 573 16
1308 1015 25
1308 1210 16
1309 902 25
1309 978 9
1309 1029 17
1311 57 8
1311 880 6
1311 1022 24
1311 1104 14
1312 268 26
1312 947 6
1312 1341 12
1313 1432 4
1314 36 11
1314 55 19
1314 372 27
1314 1051 17
1315 374 14
1315 571 5
1315 1142 2
1315 1206 23
1316 105 16
1316 987 8
1316 1439 11
1317 151 9
1317 523 8
1318 887 16
1318 1094 22
1319 340 13
1319 1360 29
1320 263 29
1320 317 29
1321 534 15
1321 1411 23
1322 158 7
1322 357 23
1322 397 23
1322 1336 12
1323 144 8
1323 184 28
1323 580 29
1323 815 5
1323 1085 10
1323 1407 3
1324 1017 8
1324 1287 28
1326 64 21
1326 926 24
1326 1245 3
1327 343 25
1327 477 25
1327 1165 17
1327 1377 2
1328 506 24
1328 831 28
1328 1085 3
1329 663 2
1329 1133 5
1329 1442 24
1330 748 6
1330 880 3
1331 236 15
1331 360 4
1331 391 9
1331 821 29
1332 857 3
1332 968 24
1332 1114 21
1332 1255 14
1332 1319 1
1332 1450 11
1333 621 5
1333 841 6
1333 918 20
1334 300 7
1334 351 13
1334 920 9
1334 1276 19
1334 1359 28
1334 1449 12
1335 774 5
1336 20 14
1336 333 20
1336 780 29
1336 804 7
1336 827 17
1337 1224 1
1338 116 30
1338 1143 13
1339 130 16
1339 639 5
1339 661 16
1339 781 30
1340 354 1
1340 877 16
1340 1082 29
1340 1175 3
1340 1201 9
1341 159 11
1341 329 8
1341 637 2
1341 708 13
1341 1136 12
1342 70 7
1342 1456 2
1343 126 10
1343 606 11
1343 623 3
1343 643 20
1343 1048 30
1344 392 6
1344 579 25
1344 817 13
1344 1068 25
1345 987 23
1346 304 11
1346 382 4
1346 1273 15
1347 48 11
1347 477 16
1348 861 30
1348 1158 7
1348 1327 23
1348 1450 22
1349 613 7
1349 1325 1
1350 635 12
1350 696 1
1350 811 1
1350 1056 22
1350 1236 9
1350 1497 2
1351 80 5
1351 242 12
1351 1084 30
1351 1270 28
1352 665 22
1352 1255 2
1352 1311 22
1353 670 11
1353 997 1
1353 1254 27
1353 1402 27
1354 134 13
1354 1069 22
1354 1166 11
1355 273 16
1355 744 17
1355 797 25
1356 382 26
1356 480 2
1356 629 17
1356 702 2
1356 1422 17
1356 1442 8
1357 429 1
1357 922 17
1357 1291 19
1357 1340 1
1357 1356 17
1358 290 2
1358 988 9
1359 17 19
1359 577 28
1361 349 21
1361 940 10
1361 962 26
1361 1436 4
1362 827 12
1362 1461 17
1363 880 14
1364 258 12
1364 975 6
1365 707 3
1365 1083 17
1365 1473 19
1366 655 13
1366 1136 2
1367 171 5
1367 632 30
1367 760 19
1369 23 6
1369 88 8
1369 224 20
1369 362 14
1369 405 15
1369 465 20
1369 494 30
1370 263 25
1371 386 21
1371 779 9
1371 1315 18
1372 883 21
1372 942 19
1372 1082 16
1372 1105 3
1373 93 28
1373 848 3
1373 1318 6
1374 234 9
1374 506 19
1374 1184 12
1374 1185 13
1375 771 16
1376 129 6
1376 408 21
1377 485 4
1377 690 10
1377 781 22
1378 1172 8
1378 1217 9
1378 1219 2
1379 512 6
1379 582 16
1379 700 21
1379 813 19
1379 962 22
1379 1388 3
1380 1249 11
1381 570 8
1381 639 15
1382 496 19
1382 1094 26
1382 1369 27
1382 1408 29
1383 723 11
1383 795 30
1384 385 26
1384 514 5
1384 681 27
1384 891 27
1384 1022 23
1384 1376 8
1385 469 1
1385 978 1
1386 137 13
1386 501 21
1386 515 4
1386 703 23
1387 677 4
1387 852 12
1387 1296 23
1388 178 5
1388 576 17
1388 622 1
1388 707 17
1388 1124 27
1389 199 14
1389 877 19
1390 341 7
1391 12 22
1391 955 25
1391 1228 17
1391 1318 9
1392 1038 22
1392 1305 15
1393 1238 11
1394 642 13
1394 725 3
1394 1065 15
1394 1476 9
1395 52 21
1397 136 29
1397 504 9
1397 763 21
1397 961 29
1397 1455 21
1398 127 11
1398 588 25
1398 1065 5
1398 1302 6
1398 1345 6
1399 23 20
1399 151 10
1399 1416 14
1400 326 20
1400 658 26
1400 1382 2
1401 21 25
1401 87 7
1401 545 9
1402 33 8
1402 75 1
1402 105 17
1402 342 16
1402 388 14
1402 764 2
1402 921 18
1403 349 26
1403 693 26
1403 705 24
1403 1232 5
1405 26 16
1405 571 23
1405 1459 13
1406 180 6
1406 220 13
1408 292 25
1408 802 8
1408 1093 7
1409 332 22
1409 988 5
1409 1453 4
1410 771 11
1410 1026 14
1411 389 9
1412 122 22
1412 405 1
1413 2 11
1413 259 16
1413 920 7
1414 66 11
1414 358 16
1414 380 8
1414 753 27
1414 1300 23
1414 1349 13
1415 443 20
1415 626 11
1415 1224 9
1416 464 15
1416 984 4
1416 1237 5
1417 773 22
1418 33 18
1418 726 17
1419 820 19
1419 852 23
1419 888 3
1420 235 18
1420 371 29
1420 887 24
1420 921 22
1420 1355 25
1420 1483 26
1421 650 5
1422 545 3
1422 756 9
1422 978 28
1423 509 13
1423 1265 17
1423 1386 4
1424 1204 15
1425 23 2
1425 760 3
1425 947 12
1426 39 24
1426 388 16
1426 793 23
1426 1274 26
1427 1398 24
1429 654 30
1429 963 22
1429 1251 28
1430 64 21
1430 287 9
1430 607 6
1431 80 2
1431 194 1
1431 291 8
1432 107 19
1432 255 22
1432 1350 24
1433 573 11
1433 828 16
1433 860 11
1433 1079 7
1433 1257 18
1433 1304 20
1434 1396 4
1435 76 23
1435 212 28
1435 379 30
1435 482 7
1435 934 29
1435 1254 2
1436 244 10
1437 3 14
1437 1387 17
1437 1438 3
1437 1483 10
1438 87 2
1439 290 24
1439 475 1
1439 1450 21
1440 1196 6
1441 16 1
1441 240 26
1441 267 7
1441 651 24
1441 809 26
1441 1285 26
1442 502 15
1442 633 11
1442 795 28
1442 1126 22
1442 1362 21
1442 1484 26
1443 184 1
1443 292 2
1443 1214 22
1444 452 23
1444 1323 29
1445 854 21
1445 1304 22
1446 357 19
1446 422 22
1446 476 23
1446 587 3
1446 736 1
1446 1108 17
1448 133 12
1448 752 2
1448 810 10
1449 336 4
1450 526 23
1451 551 16
1451 697 4
1451 859 10
1451 887 22
1451 1343 19
1453 1422 5
1454 51 9
1454 392 3
1454 413 15
1454 490 28
1454 936 24
1454 1237 28
1454 1345 24
1454 1349 17
1454 1405 21
1455 134 7
1455 151 9
1455 396 20
1455 427 27
1455 723 22
1455 1060 8
1455 1128 10
1456 58 15
1456 1365 2
1457 194 10
1457 828 1
1457 1337 13
1458 100 4
1458 275 3
1458 326 8
1458 477 26
1458 1057 18
1458 1386 12
1459 623 27
1459 736 1
1459 1193 22
1460 122 2
1460 564 2
1460 1241 25
1460 1324 8
1460 1489 21
1461 27 10
1461 42 27
1461 239 6
1461 760 26
1461 854 18
1461 1386 12
1462 417 27
1462 814 29
1463 242 8
1463 1116 10
1463 1469 28
1464 568 18
1464 1260 16
1464 1354 30
1465 97 19
1465 324 9
1465 604 12
1465 628 22
1466 337 11
1466 419 20
1466 892 9
1466 914 20
1467 673 23
1467 1155 6
1467 1483 12
1468 679 14
1468 1063 7
1469 159 5
1469 643 30
1469 793 6
1469 1337 26
1470 586 2
1470 912 3
1471 233 1
1471 1053 19
1471 1168 12
1471 1328 13
1472 44 15
1472 379 10
1472 883 12
1472 1438 17
1473 661 7
1473 1009 29
1474 628 2
1475 565 6
1475 746 10
1477 82 10
1477 145 10
1477 293 1
1477 1269 20
1477 1361 21
1477 1403 10
1478 643 1
1478 668 5
1479 146 15
1479 1091 13
1479 1464 10
1479 1475 13
1480 553 17
1480 1180 10
1480 1236 18
1480 1406 12
1481 170 3
1481 315 12
1481 385 5
1481 564 21
1481 777 15
1482 411 17
1482 1290 6
1482 1341 24
1483 735 20
1483 945 14
1483 1089 23
1484 939 11
1484 1410 15
1485 704 28
1485 1170 20
1485 1182 25
1487 1447 7
1488 135 20
1488 239 6
1488 429 19
1488 642 29
1488 1366 7
1489 1055 23
1489 1317 5
1490 372 11
1490 406 3
1491 179 17
1491 1009 27
1492 821 4
1493 443 27
1493 448 1
1495 540 6
1495 563 30
1495 940 5
1495 1296 26
1495 1429 15
1495 1447 13
1496 203 23
1496 688 8
1496 874 2
1496 1031 6
1496 1165 30
1497 437 12
1497 544 13
1497 1023 20
1497 1042 23
1497 1171 7
1497 1404 26
1498 300 13
1498 853 4
1498 1369 7
1499 442 3
1499 551 2
1499 1294 29
1500 593 8
1500 916 12
