3000 8000
1 2132 9
1 2604 17
2 658 4
2 807 28
2 1215 23
2 1873 11
2 2114 8
2 2191 7
2 2457 15
3 1028 16
3 2246 11
4 1537 11
4 1884 21
4 2560 29
5 875 22
5 1886 25
6 100 24
7 585 10
7 1819 29
7 2494 10
8 652 8
8 1079 5
8 1189 26
8 2396 26
9 438 17
9 881 26
9 1016 1
9 2908 2
10 619 27
10 1202 2
10 1443 21
10 2083 27
10 2931 18
11 1779 24
11 2119 24
12 26 2
13 675 27
13 935 23
14 1260 8
14 1494 11
15 1632 1
15 2387 10
15 2991 14
16 428 21
16 1246 9
16 1258 5
16 2467 15
17 2002 24
18 912 14
18 1613 5
18 1783 4
18 2025 21
19 199 1
19 986 21
19 2051 8
19 2190 18
19 2247 8
19 2346 9
20 1309 19
21 1087 4
21 2875 2
22 82 2
23 243 30
23 1754 11
24 344 25
24 1022 15
24 2422 12
25 1504 13
25 2524 29
25 2584 11
25 2663 24
26 762 29
26 869 21
26 962 7
26 2185 12
26 2513 29
27 2654 3
28 1024 18
29 985 22
30 521 8
30 2331 15
31 2971 17
32 67 21
32 273 15
32 832 29
32 1749 28
33 1234 2
33 1245 6
33 1375 28
33 1890 13
34 172 1
34 316 29
34 1789 14
34 2079 22
35 2965 1
36 282 30
36 2417 28
36 2707 12
37 202 13
37 684 27
38 1117 15
38 1939 6
39 1305 17
39 2288 27
39 2662 4
39 2686 28
40 2527 17
41 968 28
42 698 16
42 1142 8
42 1438 5
42 1527 30
42 2063 17
43 1876 17
43 2383 14
43 2454 7
44 10 15
44 347 16
44 820 5
44 1066 4
46 685 20
46 1079 5
46 1519 25
47 718 3
47 1090 19
47 1399 25
47 2458 2
48 1254 16
48 1671 29
49 319 6
49 1341 12
49 2380 13
49 2853 3
50 937 29
50 2600 1
50 2926 6
51 233 18
51 476 17
51 1652 25
52 2744 3
52 2753 16
53 696 22
53 1053 24
53 1429 2
54 138 8
54 786 8
54 2144 1
55 208 14
55 375 15
55 2107 5
55 2699 18
56 95 4
56 523 1
56 528 12
56 2059 28
56 2453 19
57 1809 28
57 2885 21
58 49 5
58 1623 26
58 2128 27
59 858 8
60 867 30
60 1106 29
60 2071 6
61 1293 30
62 1526 5
62 1673 24
62 2510 8
63 133 21
63 1293 18
63 1976 24
64 994 12
64 1105 12
65 410 17
65 609 20
65 977 11
65 1081 17
65 1837 25
65 2927 17
66 898 21
66 2443 12
67 400 12
67 1009 22
67 1169 15
68 1035 9
69 46 2
69 859 5
69 860 29
69 1381 6
70 584 30
70 921 25
70 2483 14
71 630 22
71 957 24
72 1641 11
72 1890 13
72 2409 20
73 892 26
73 2625 21
74 1112 10
75 2719 14
76 448 6
76 1045 14
76 1215 17
76 2333 22
76 2570 25
77 81 27
77 626 9
77 2352 19
78 1786 5
78 2373 29
78 2570 23
79 229 16
79 1210 12
79 1222 29
79 1829 24
80 557 14
80 2254 3
80 2266 22
80 2456 11
81 1006 25
82 722 9
83 1067 16
83 2679 8
84 1388 2
84 2833 27
86 1889 12
87 741 13
87 2443 14
87 2932 2
89 41 22
89 2409 27
89 2481 29
90 1068 27
90 1355 5
90 1927 21
90 1944 21
90 2071 23
91 1041 29
91 1640 2
91 2095 27
91 2990 19
92 1258 16
93 1998 12
93 2624 23
93 2867 14
94 2165 5
94 2490 28
94 2877 9
95 1189 19
95 2948 8
96 1165 3
96 1908 27
96 2462 16
97 1499 2
98 483 20
98 1195 4
98 1680 13
99 614 2
99 825 17
99 1639 7
99 2408 15
100 163 6
100 1267 5
101 1446 12
101 1626 10
101 2872 25
102 658 24
102 1392 3
102 2520 15
103 367 25
103 1603 29
104 2825 4
105 285 10
105 1740 3
107 2641 26
108 73 16
108 1019 7
108 1418 15
108 1584 24
108 2086 17
108 2471 14
109 520 18
109 1164 13
109 1460 29
110 941 19
110 1644 24
111 410 2
111 807 1
112 141 25
112 567 19
112 1426 29
113 1940 10
113 2211 24
113 2887 4
113 2963 13
114 1508 25
114 1750 28
114 2213 28
115 2255 27
115 2959 5
117 1183 15
118 2967 18
118 2993 8
119 505 24
119 1752 20
120 534 25
120 2330 1
121 1043 18
121 1261 9
121 1334 24
121 1758 5
121 1852 14
121 2269 3
121 2531 9
122 2589 13
123 551 21
123 778 3
123 1336 14
124 1048 14
124 2168 27
124 2206 24
124 2486 12
125 537 28
126 1234 17
127 679 7
127 1135 2
127 2191 4
127 2376 27
128 1760 30
129 160 30
129 1852 1
129 2321 14
130 820 17
130 894 30
130 1110 29
130 2320 28
130 2370 24
131 406 22
131 1009 16
132 170 24
132 175 15
132 426 20
132 728 7
132 758 10
132 1019 20
133 229 11
133 382 22
133 1255 22
133 2615 25
134 1555 5
135 636 11
135 2375 10
135 2758 9
136 819 30
138 563 19
138 1808 15
138 2715 24
138 2942 22
139 440 11
139 1734 23
139 2860 21
141 1292 3
142 1280 28
143 31 30
143 2514 2
143 2704 18
143 2933 27
144 500 17
144 813 9
144 1487 4
144 2468 2
144 2680 16
146 1210 15
146 2367 9
146 2607 25
147 2515 5
148 1540 11
148 1939 16
148 2027 18
148 2480 27
149 1441 13
149 2694 28
149 2801 7
150 261 13
150 1021 20
150 1609 25
151 1628 27
152 301 13
153 649 16
153 1297 30
153 2447 27
153 2448 28
154 309 24
154 2173 16
155 218 19
155 1429 26
155 2835 3
156 284 8
156 1081 12
156 2337 4
156 2664 11
156 2912 14
157 2490 19
157 2956 26
158 300 14
158 1353 5
159 2549 22
159 2753 24
159 2799 12
159 2897 9
160 3 21
160 824 24
161 206 29
161 548 19
161 595 6
161 657 10
161 1433 13
161 1661 25
161 2477 22
162 463 20
162 708 16
162 710 10
162 841 9
163 1419 9
163 2771 25
163 2973 28
164 2455 26
165 328 19
165 2102 27
166 1845 8
167 419 14
167 2023 29
169 557 13
169 1328 24
170 322 24
170 1927 18
170 2741 28
171 817 7
171 1555 3
171 2120 2
172 686 8
172 991 23
172 1751 17
173 752 6
173 2458 3
174 89 15
174 598 15
174 871 7
174 1657 9
174 1939 28
176 146 26
176 1993 16
176 2773 29
176 2901 27
178 714 24
178 1498 15
179 114 16
179 815 20
179 2367 25
179 2511 12
180 235 19
180 2452 9
181 218 10
181 602 23
181 1484 2
182 39 26
182 155 10
182 1262 22
182 1986 24
182 2700 12
183 1193 15
184 427 1
185 1027 27
186 105 1
186 2046 6
187 954 29
190 312 15
190 1029 12
190 1586 6
191 521 15
191 548 1
191 1061 23
192 523 30
192 811 21
192 881 19
194 1164 16
194 1577 5
194 2397 26
195 230 27
195 700 30
195 2074 7
196 718 7
196 739 30
196 1151 9
196 1798 29
196 2119 1
196 2496 4
197 504 30
197 753 14
197 1805 19
197 2367 3
197 2801 28
198 1318 20
198 1584 29
199 553 21
199 1017 17
199 2868 20
200 1242 27
201 238 21
201 1375 17
201 1847 12
201 1981 21
201 2054 9
201 2084 3
203 1355 12
203 2090 20
204 1862 10
205 420 8
205 917 7
205 1001 28
205 2873 7
206 282 14
206 414 4
206 1196 6
206 2078 14
206 2283 24
206 2787 29
207 306 9
207 885 23
207 1017 4
207 1241 27
209 80 26
209 1334 24
209 2186 16
209 2317 16
210 302 6
210 1805 3
212 132 27
212 156 2
212 338 23
212 1000 13
212 1052 5
212 1164 5
213 772 14
213 813 8
213 953 8
213 1399 25
213 2626 9
214 1745 16
214 2324 1
214 2385 7
215 390 22
215 399 6
215 810 2
215 1072 20
215 2627 19
216 383 18
216 969 10
216 1223 19
216 1885 10
216 2082 5
216 2719 16
217 303 27
217 2103 28
217 2680 1
218 620 5
218 702 3
218 1007 25
218 1185 1
219 88 5
219 546 9
219 1421 14
219 2920 9
220 229 14
220 487 27
220 2724 8
221 9 13
221 155 13
221 2251 9
222 277 28
222 830 13
222 1168 7
222 1617 12
222 2556 11
223 1771 8
225 787 23
225 800 29
225 2982 17
226 831 2
226 2581 18
226 2746 19
226 2979 6
227 792 25
227 2052 15
228 2112 26
229 186 17
229 1788 11
229 2487 28
229 2858 12
230 293 12
230 909 24
232 592 12
232 1496 17
232 1993 25
232 2372 25
233 1182 5
234 2661 24
235 1069 8
235 1602 17
235 1921 2
236 2072 27
237 1631 21
238 847 30
238 2825 8
239 953 1
239 1363 30
239 1409 30
239 1952 30
239 2113 16
239 2695 23
239 2811 9
240 2355 4
241 1519 29
241 2446 25
241 2543 11
242 703 24
242 802 11
242 1102 21
242 1185 13
242 2024 22
242 2752 2
242 2973 29
243 108 26
243 380 18
244 955 23
244 2287 20
245 636 22
245 787 8
245 1506 19
245 2396 30
245 2745 2
246 1269 8
247 324 21
247 956 1
247 1013 15
248 25 21
249 951 30
249 1371 7
249 1490 12
249 1777 8
249 2327 29
249 2392 12
250 313 11
250 960 19
251 2157 6
251 2886 21
252 1753 4
253 160 17
253 998 12
254 1522 17
254 2441 30
254 2704 5
255 600 7
255 627 25
255 1275 15
255 2239 21
256 1859 7
256 2255 28
257 2200 28
258 1054 17
259 659 28
259 1175 29
260 1077 24
261 43 18
261 2978 22
262 1495 9
262 1701 8
262 2141 13
262 2575 15
263 157 12
263 2349 20
264 861 5
264 2504 23
264 2641 1
264 2794 24
264 2818 29
264 2867 13
265 1020 27
265 1349 15
265 2897 16
266 370 5
266 451 6
266 1112 21
266 2758 11
267 669 1
267 2745 27
268 639 1
268 755 7
268 2025 24
268 2161 21
269 1217 23
269 1424 21
269 2100 19
270 580 9
270 1015 30
270 1528 2
270 2367 17
270 2850 30
270 2929 15
271 291 23
271 427 11
271 2580 4
271 2913 27
272 1887 3
272 2802 26
273 850 12
275 90 1
275 746 9
275 1271 9
275 1542 7
275 1855 16
275 2603 5
276 190 13
276 392 28
276 1152 16
276 1640 5
277 195 24
277 249 8
277 1048 3
277 1984 18
277 2291 28
277 2295 17
277 2721 30
278 434 9
278 1540 25
278 2434 30
279 1977 10
280 498 3
281 740 29
281 781 24
281 1151 25
281 2396 9
282 1202 20
282 1550 14
283 2169 3
284 902 15
284 950 25
284 1286 26
284 1618 15
284 1659 25
284 2268 2
284 2315 1
285 2225 30
285 2946 6
286 120 28
286 157 7
286 1563 10
286 2672 14
286 2992 14
287 314 12
287 479 1
287 709 4
288 395 21
288 1421 22
290 588 12
290 1066 15
290 1464 13
290 1681 21
291 2089 18
291 2942 11
292 559 7
292 672 4
292 845 11
293 296 26
293 367 17
293 1532 6
294 1851 2
294 2415 4
295 349 1
295 2105 17
296 1329 20
296 1341 2
296 1730 9
296 2970 11
298 151 30
298 350 28
298 1091 17
298 1997 9
299 370 11
301 1622 23
301 2812 13
302 752 3
302 866 26
302 1553 25
303 451 25
303 764 7
304 643 9
304 2225 29
305 138 19
305 443 18
305 725 2
305 1015 17
305 1460 22
305 1756 4
305 2909 12
306 1246 30
307 800 9
307 1181 6
307 2060 25
307 2695 9
308 773 22
308 1983 15
309 1102 3
310 293 22
310 308 25
310 533 2
310 840 19
310 1055 4
310 1361 2
310 1974 22
311 313 26
312 1722 6
313 817 24
313 1425 21
313 1448 30
313 1605 10
313 2288 19
314 2871 9
314 2875 1
315 77 7
315 1102 18
315 1812 2
315 1966 24
315 2247 9
316 2359 5
317 187 27
318 268 1
318 557 14
318 2342 2
318 2458 25
319 1951 14
319 2149 15
320 2661 9
321 329 16
322 500 28
322 1160 26
322 1686 9
322 2441 9
323 1095 21
323 1328 11
323 1440 30
324 2617 16
325 27 8
325 2073 15
325 2340 28
326 1362 8
326 2623 17
326 2733 16
327 951 8
327 1957 17
327 2096 14
328 1050 25
328 2565 18
329 337 29
329 2295 26
329 2544 22
329 2614 18
330 710 26
330 1614 27
330 2649 19
331 189 20
331 916 11
331 2702 26
332 1338 21
332 2330 18
332 2674 15
333 1043 8
334 623 27
334 2222 23
334 2327 28
337 424 29
337 1670 14
337 1994 13
337 2585 28
337 2761 29
338 504 10
338 948 5
338 1564 15
338 2396 17
338 2859 4
339 1625 23
339 1767 30
339 2201 21
339 2653 10
339 2926 21
340 1978 16
340 2792 23
341 325 8
341 1219 11
341 1238 12
341 1841 18
341 2400 22
342 1117 14
342 1973 5
342 2738 12
343 977 1
344 326 20
344 2954 11
345 1148 19
346 1238 12
347 1804 8
347 2801 9
350 1533 26
351 29 12
351 2488 7
351 2952 16
352 2791 13
353 101 3
353 420 22
353 726 29
353 1211 7
353 1272 14
354 53 21
354 890 27
354 1108 15
354 1157 11
354 1981 4
354 2466 29
354 2611 18
355 311 14
355 1487 10
356 901 5
356 1126 5
356 1289 23
356 2947 10
357 12 9
357 2231 16
357 2317 29
357 2568 19
358 1162 26
358 1511 2
358 2249 19
358 2466 27
359 70 19
360 761 30
360 1028 3
360 1360 4
361 1923 13
361 2836 27
362 74 17
362 1061 3
363 268 3
363 319 30
363 1212 23
363 1341 21
364 466 14
364 1105 3
364 1566 24
365 2218 5
365 2879 20
366 894 29
366 971 14
366 1487 17
366 2148 4
366 2245 29
366 2601 18
367 1088 4
367 2815 6
368 953 16
368 2578 14
370 657 1
370 864 9
370 1207 2
370 2273 19
371 320 28
371 952 2
371 2074 21
372 256 23
373 207 6
373 750 10
373 992 10
373 2038 8
373 2428 4
374 470 1
374 780 1
374 962 25
374 1458 7
374 1681 25
374 1820 10
375 2634 11
376 812 7
376 987 9
376 1477 16
376 1858 23
376 2029 4
376 2135 14
376 2631 10
376 2929 29
377 109 11
378 469 17
378 2426 12
378 2519 4
379 946 25
379 2510 14
379 2889 22
380 1252 14
380 2126 15
380 2300 5
380 2659 29
381 149 20
381 1625 14
383 1816 30
383 2088 19
383 2874 17
383 2988 30
384 1045 19
384 1115 11
384 1539 28
384 2230 14
384 2480 13
385 1158 8
385 2998 20
386 373 21
386 1944 24
386 2101 4
386 2436 16
386 2734 29
387 2666 13
388 943 14
388 1874 10
388 2776 21
389 389 25
389 1012 5
389 2026 7
389 2790 30
390 1189 26
390 1601 13
391 150 14
392 1267 30
392 2484 11
393 2128 25
394 2312 13
395 500 2
395 1127 14
399 8 22
399 1606 23
399 1670 24
400 224 24
400 600 21
400 2362 29
400 2480 6
401 1316 28
401 1442 18
401 1708 18
402 2157 13
402 2518 13
402 2727 3
404 398 12
404 543 17
404 2335 8
405 1209 13
405 1747 7
405 2508 25
405 2912 9
406 451 14
406 613 24
406 1662 4
406 2146 26
406 2258 30
407 185 26
407 894 28
407 2161 24
408 1370 30
409 860 29
410 923 29
410 1954 21
410 2504 21
411 336 15
411 419 15
411 1172 11
412 2811 13
413 561 12
413 1544 1
413 2238 23
413 2276 30
413 2419 13
414 1336 5
416 793 24
416 2863 16
418 186 22
418 265 24
419 854 20
419 1193 28
419 1392 18
420 2475 28
420 2973 3
421 612 11
421 910 24
421 1743 20
421 2659 2
422 310 19
422 1842 17
423 1422 18
424 257 18
424 1190 7
424 1769 16
424 1918 1
424 2802 20
425 256 22
425 1451 7
425 2049 22
425 2183 5
425 2933 18
426 720 22
426 761 27
426 830 17
426 1378 27
426 2073 1
427 23 3
427 1810 4
427 2219 14
428 552 26
428 802 24
429 1417 12
429 2181 13
430 2810 13
430 2989 6
431 890 15
431 954 6
431 2468 26
431 2804 17
432 903 24
432 1039 12
435 1803 4
436 920 4
436 1420 11
436 2294 11
437 1393 26
438 369 30
439 312 3
439 527 2
439 1186 13
439 1623 29
440 429 19
440 543 27
440 1191 25
440 1966 28
440 2371 23
442 1837 17
444 756 30
444 1151 18
444 1258 1
445 2741 25
446 1006 3
446 1361 4
446 1738 29
446 2982 16
448 720 9
448 1628 13
448 1936 21
449 61 4
449 1429 21
451 769 7
451 1859 8
451 2173 24
452 1114 2
452 1844 10
453 2979 27
454 1453 27
455 249 9
455 369 21
455 917 20
455 2256 13
455 2391 19
456 942 8
457 16 9
457 484 13
457 1116 5
457 1615 23
457 2277 21
458 1840 26
458 2595 11
459 96 13
459 292 20
459 1241 13
459 1680 16
459 1781 18
460 435 28
460 640 17
460 1561 23
461 1798 11
462 1261 12
462 2594 13
463 518 9
463 755 19
463 2861 29
465 391 10
465 401 28
465 466 17
465 1581 28
466 1181 28
466 1227 7
466 1754 9
467 1436 11
467 2070 25
468 48 16
468 1545 19
468 2229 29
468 2697 13
468 2838 4
469 1164 19
470 1830 8
470 2941 14
471 1857 24
472 1116 20
472 1550 26
472 1667 9
472 1717 29
473 341 16
473 2188 17
473 2667 21
473 2699 18
473 2825 29
474 1087 26
474 1801 26
475 708 17
475 2203 16
475 2587 27
476 64 7
476 566 2
477 2232 16
478 4 26
478 1205 8
478 1928 24
479 1098 28
479 1366 2
479 2731 1
480 595 17
481 1306 30
481 1898 5
482 2078 12
482 2292 10
482 2362 5
483 1382 25
483 2241 3
483 2561 24
483 2599 12
484 1168 4
485 188 14
485 468 19
485 2225 20
485 2605 27
485 2905 6
486 995 18
486 1359 22
486 2985 1
487 1106 27
489 1341 7
490 1187 19
490 2519 25
490 2766 8
491 407 4
491 974 20
491 2360 7
492 1847 27
492 2080 18
493 1749 8
493 2325 20
493 2753 26
494 2532 29
495 664 24
495 678 7
495 935 8
495 2130 28
496 1009 23
496 1117 3
496 1954 13
496 2862 26
497 401 6
497 914 27
497 2739 15
497 2831 17
498 698 15
498 1617 20
499 1176 5
499 1339 6
499 1461 13
499 2306 23
500 342 4
500 608 1
501 2892 9
504 377 3
504 1813 5
505 3 28
505 1041 9
505 2127 23
506 569 7
506 953 8
506 1114 4
506 2820 24
507 117 6
507 612 28
507 1342 22
508 2929 5
509 1681 17
509 1965 14
510 2073 29
510 2611 22
511 2222 10
512 164 26
512 2101 18
512 2165 16
512 2734 13
512 2890 24
513 48 5
513 571 9
513 654 29
513 1604 17
514 569 1
514 2356 24
515 157 10
515 1899 1
515 2713 18
516 657 6
516 2084 28
517 616 26
518 431 28
518 2922 27
519 192 3
519 1900 24
519 2016 20
519 2602 30
521 427 21
523 93 12
523 324 26
523 879 7
524 1028 17
524 1173 25
525 2194 20
525 2499 18
525 2740 20
525 2809 29
526 382 3
526 1454 2
526 1731 22
526 2495 30
527 429 2
527 758 12
527 1080 8
527 2325 24
529 12 5
529 289 17
529 376 24
529 526 22
530 1459 22
530 1650 22
530 1882 9
530 2020 12
530 2388 10
531 1071 3
532 640 5
532 837 21
533 2640 24
533 2780 17
534 185 2
534 492 20
534 656 15
534 2239 11
534 2504 14
534 2536 5
535 125 28
535 1476 25
535 1643 3
535 2224 23
536 954 19
536 958 25
536 1977 22
536 2416 20
537 196 6
537 1586 29
537 2206 14
537 2472 3
538 97 8
538 1728 7
538 2585 24
539 446 29
539 2622 20
540 930 25
540 1290 2
541 252 29
541 593 27
541 1409 28
541 2327 20
542 93 21
542 122 14
542 508 13
542 2145 2
542 2710 21
543 1758 15
544 319 7
545 299 25
545 360 13
545 609 1
545 1961 27
545 2568 27
545 2656 19
546 90 13
546 236 18
546 1532 1
546 2084 11
546 2730 8
547 517 14
547 1567 13
547 2317 15
548 1100 12
548 1890 28
548 2039 6
548 2430 2
548 2453 22
549 1254 7
550 1490 22
551 611 11
552 1336 27
552 2350 3
553 727 23
553 2465 10
553 2522 16
555 2553 24
556 4 30
556 332 30
556 792 30
556 1958 16
557 63 4
557 81 30
557 1942 5
557 2177 30
557 2378 11
558 2502 17
559 312 9
559 1866 11
560 614 27
560 2313 17
561 2076 16
561 2583 9
562 1533 1
562 1995 27
563 237 29
563 591 6
563 1326 20
564 1130 20
564 2381 5
565 128 12
565 1929 22
566 197 1
566 2811 14
567 899 14
568 242 2
568 801 21
568 2031 7
569 103 24
569 363 13
569 1258 28
569 1499 9
569 1635 16
570 646 20
571 383 13
571 1431 8
572 1787 22
572 2588 22
572 2673 8
573 95 24
573 814 18
573 2502 24
573 2511 9
574 14 19
574 1049 17
575 177 27
575 218 9
575 2820 14
576 1338 17
577 1805 28
577 2216 10
577 2433 28
578 2577 12
579 281 10
579 559 3
579 2147 25
579 2157 12
580 239 24
580 1096 24
581 2908 27
582 815 6
582 1538 21
582 2835 5
584 2428 13
584 2855 10
585 545 10
585 1231 12
585 1272 1
587 431 1
587 1884 20
587 2689 24
588 82 10
588 354 5
588 1660 24
589 484 20
589 2288 13
590 317 21
590 620 28
590 1276 27
590 2107 29
591 709 18
591 964 6
591 2740 18
592 218 29
592 1134 8
592 2897 20
593 224 15
593 1230 11
594 806 5
594 879 8
595 2199 7
595 2296 2
595 2654 21
595 2871 3
596 1293 15
596 1378 22
596 2917 12
597 124 18
598 487 15
598 575 4
598 763 29
598 1514 30
598 2166 14
598 2657 4
599 35 24
599 67 25
600 877 16
601 350 6
601 1558 23
601 1715 4
601 2148 4
601 2426 2
602 83 2
602 92 13
602 378 22
602 1588 9
602 1708 2
602 1923 6
603 696 19
603 2426 7
603 2659 6
604 546 25
604 2257 8
605 186 26
605 458 27
605 1934 14
606 22 17
606 465 1
606 1434 24
606 2182 23
606 2536 4
607 279 22
607 657 23
607 1144 9
607 1688 25
607 2208 8
608 1715 4
608 1875 3
608 2094 13
608 2610 18
609 2856 6
610 631 8
610 1696 11
611 628 29
611 650 20
611 665 2
611 714 7
612 735 13
612 1454 7
612 1882 25
612 2187 11
612 2999 4
613 623 11
613 2163 19
613 2530 29
615 1309 30
615 1354 24
615 1573 8
616 367 30
616 801 17
617 238 30
617 1182 3
617 1450 9
617 1758 22
619 2679 4
620 1569 25
620 2185 21
620 2637 7
621 124 27
621 433 3
621 1017 16
621 2380 25
622 1206 2
623 1475 26
623 1827 23
623 2208 21
624 141 27
624 713 22
624 728 26
624 2571 25
625 1990 16
626 1112 6
626 2362 29
626 2557 19
627 634 16
627 911 19
627 1875 18
627 2437 10
627 2769 26
628 117 9
628 541 18
630 872 18
630 1190 3
631 475 18
631 1531 1
632 626 6
632 1878 13
632 2277 22
633 1670 12
633 1693 1
634 168 16
634 325 19
634 539 17
634 1121 18
634 1376 14
634 2656 2
635 84 30
635 424 10
635 495 23
635 1435 25
635 1724 27
636 35 30
636 232 1
636 704 25
636 707 18
636 721 16
637 459 13
637 760 27
637 2124 17
638 629 1
638 2187 5
639 67 5
639 1079 10
639 1191 8
640 1092 22
640 2663 10
640 2714 5
641 2732 26
642 788 23
642 1756 17
642 2281 27
642 2925 9
643 150 5
643 2301 5
644 432 26
644 1992 11
644 2119 6
646 95 17
646 2289 20
646 2446 20
647 635 12
647 1460 16
649 746 20
649 1305 12
649 1486 2
649 2037 29
650 1285 19
650 1416 15
650 1557 18
652 4 6
653 261 7
653 394 14
653 1002 2
653 1318 16
653 2897 21
654 894 15
654 2110 17
654 2831 26
655 516 11
656 505 10
656 530 4
656 2326 29
657 2121 18
658 601 30
658 1278 3
658 2908 5
660 1953 10
660 2222 1
661 1209 21
661 1976 22
662 15 12
662 866 24
663 340 29
663 853 1
663 857 27
663 1288 1
663 1499 22
663 2074 16
664 544 7
664 907 1
664 2395 13
665 961 5
665 1556 14
665 1812 6
665 2913 20
666 1717 27
666 2060 20
667 1474 6
667 2642 14
668 478 22
668 2079 7
669 1361 17
669 2779 20
671 1091 16
671 1548 8
671 2803 15
672 262 20
672 480 10
672 1327 7
672 1414 3
672 2847 23
672 2943 18
674 2363 26
676 799 21
676 1727 11
676 2762 15
677 1240 13
677 2039 24
678 557 22
678 2484 11
678 2871 24
679 600 4
680 2740 7
681 1307 7
681 2732 9
682 450 26
682 831 3
682 2090 20
682 2556 24
683 1785 16
684 166 12
684 701 30
684 772 24
684 917 23
684 1859 8
684 1890 2
684 2155 7
685 22 27
685 72 3
685 1426 5
685 1888 21
686 12 25
686 581 23
686 592 9
686 1499 7
686 1936 3
686 2023 23
686 2943 12
687 20 18
687 1140 14
687 1382 14
687 1424 11
687 1559 9
688 239 21
688 344 17
688 988 9
688 1015 16
688 1300 20
688 1648 28
688 2557 1
688 2803 27
689 884 1
689 1355 23
689 2734 21
689 2819 24
689 2905 30
690 336 14
690 2195 22
690 2226 18
691 352 16
691 2063 27
692 1335 9
692 2489 2
693 1458 19
694 444 9
694 600 8
694 1372 13
694 1946 1
695 1998 11
695 2489 30
695 2788 6
696 1834 25
697 433 10
697 891 14
697 2095 15
698 537 18
698 1784 22
698 2642 22
699 339 29
699 2785 11
699 2985 23
700 1931 26
701 1889 12
701 2540 7
702 1261 16
702 2313 5
703 937 6
703 1750 21
703 1784 26
703 2572 15
704 57 6
704 479 14
704 667 15
704 1714 7
704 2761 2
704 2984 23
705 670 6
705 2024 6
706 339 23
706 2300 17
706 2787 5
707 1063 20
707 1906 11
707 2188 6
707 2922 3
708 773 25
708 1385 16
709 561 16
710 1107 16
710 2542 14
710 2691 19
711 5 30
711 1452 9
711 1574 30
711 1683 6
711 2009 16
712 172 26
712 1201 3
712 1374 6
713 1096 13
714 140 10
714 2990 3
715 281 27
715 1927 24
716 801 1
716 2997 20
717 115 17
717 214 7
718 61 26
718 524 1
718 1531 23
718 2861 22
719 2267 21
719 2549 25
720 82 20
720 511 15
720 1846 11
720 2541 5
721 634 1
721 792 18
721 1565 18
722 2559 19
723 334 18
723 1386 19
724 380 10
724 821 15
724 2016 26
724 2370 27
724 2938 10
725 958 24
725 1511 1
725 2939 19
726 88 26
726 2143 19
726 2967 12
729 965 27
729 1563 9
729 1867 20
730 417 25
730 786 26
730 2420 21
731 210 9
731 366 17
731 762 3
731 2081 3
731 2915 28
732 591 17
732 2395 13
732 2769 2
732 2888 9
733 1773 22
733 2634 12
734 30 19
734 2527 9
735 252 22
735 2155 20
736 1345 24
736 2737 17
737 97 16
737 1300 25
737 2804 2
738 2027 9
738 2060 13
738 2382 28
739 268 27
739 2147 16
740 1312 16
740 2468 5
741 367 6
741 559 10
741 1490 30
741 1652 18
742 2963 10
743 635 9
743 1969 20
743 2321 12
744 233 6
744 956 28
744 1541 16
744 2301 30
744 2953 7
745 384 7
745 2048 11
745 2129 17
745 2229 8
746 334 24
746 485 7
746 2309 23
747 70 10
747 172 14
747 463 17
747 1029 12
747 1188 22
748 474 29
748 1065 1
748 2265 19
749 151 14
749 1016 8
749 1587 15
749 1634 11
749 2101 9
749 2156 7
750 5 28
750 2748 18
750 2845 7
750 2989 9
751 169 21
751 774 12
751 1018 7
751 1267 28
751 1928 3
751 1975 5
753 422 26
753 511 5
753 1795 13
753 2469 3
754 1120 28
754 1814 19
754 2311 25
754 2419 30
755 1596 25
755 1822 3
756 263 3
757 643 8
757 1962 23
757 2509 25
758 757 18
758 955 29
759 735 2
759 2497 3
759 2735 9
760 114 10
760 1050 9
760 1158 29
760 2105 27
761 581 15
761 818 7
761 1303 17
761 2088 18
762 275 5
762 323 14
762 1985 13
762 2165 9
763 1487 9
764 390 17
764 1352 22
764 1608 4
764 2815 7
765 644 2
765 1170 20
765 2550 28
766 1781 18
766 2673 23
767 2444 30
768 961 26
769 1354 7
769 2056 24
769 2533 13
769 2959 5
770 351 25
770 1059 7
770 1444 14
770 2024 26
770 2760 15
771 697 12
771 766 22
772 506 21
772 1513 10
773 1405 30
774 474 1
774 538 15
774 944 5
774 2812 5
775 555 15
775 1528 5
775 1948 13
775 2234 28
775 2699 8
776 402 19
777 425 30
777 432 20
777 766 16
778 2517 9
779 2676 12
780 1756 7
781 731 4
781 850 18
781 2751 30
782 65 9
782 1350 15
783 1198 16
784 1358 15
784 1430 20
784 1505 3
784 1920 22
785 451 23
785 984 16
786 485 4
786 1251 2
786 2616 15
786 2950 26
787 863 16
788 788 11
788 2879 30
788 2973 1
789 756 8
789 890 13
789 1638 20
789 2740 7
790 2274 23
790 2914 19
791 2033 26
791 2340 1
792 578 20
793 7 29
794 2743 7
794 2954 23
795 1005 9
795 1107 29
795 1145 23
795 1323 23
795 2659 6
795 2933 8
795 2979 12
795 2989 9
796 758 21
796 951 4
796 1371 24
796 2247 24
796 2986 5
797 869 1
797 1086 20
797 1122 13
797 1255 3
798 47 11
800 146 5
800 973 10
800 2529 15
801 298 24
801 760 17
801 2733 30
802 1279 5
802 2679 12
803 98 30
803 221 24
803 1132 3
804 149 28
804 450 8
804 1170 11
804 1733 26
804 2823 1
805 1785 3
806 1569 2
806 1937 30
806 2226 6
806 2250 2
806 2358 20
806 2806 1
807 154 25
807 342 5
807 650 5
807 2886 17
808 620 16
808 699 9
808 1529 20
809 1013 27
809 2286 5
810 1169 21
810 1678 3
811 782 21
811 984 7
811 999 2
811 1892 25
812 1129 11
813 163 1
813 1413 10
814 133 13
814 341 29
814 2666 9
814 2699 23
815 1898 16
816 808 1
816 1277 17
816 2914 9
817 732 30
818 30 14
818 575 10
818 1260 11
818 1261 14
818 1932 27
819 589 8
819 946 10
819 1095 13
821 1490 23
822 33 11
822 1331 24
822 2841 11
823 1018 15
823 2305 7
823 2588 14
824 1332 5
825 1331 13
825 1422 15
825 2506 21
825 2657 15
826 987 8
826 1574 22
827 2581 27
828 311 28
828 666 1
828 2449 11
830 823 13
830 995 1
830 1367 19
830 1776 14
831 939 23
832 437 24
832 1435 23
832 1458 25
832 2419 7
832 2755 19
833 318 2
833 783 17
833 1245 24
834 136 25
834 1568 27
835 406 9
835 1955 27
835 2347 3
835 2996 15
836 644 10
836 2467 8
837 235 20
837 2553 17
838 2385 20
839 110 4
839 2709 16
840 266 12
840 1709 23
841 2632 13
842 165 4
842 729 25
842 753 17
842 2935 26
843 806 6
843 1483 30
843 1710 18
843 2625 29
843 2668 23
844 562 13
844 1482 6
844 2323 3
844 2740 6
846 945 14
846 1426 18
846 2428 22
847 178 2
847 1286 19
847 1395 19
847 2006 4
847 2175 3
848 1338 20
849 2129 3
849 2878 14
850 240 6
850 568 23
850 642 10
850 1307 13
851 1006 26
851 1275 24
853 1454 25
854 1678 29
854 2522 18
855 2395 4
857 345 24
857 1128 23
857 1634 3
857 1808 4
857 1987 14
857 2648 17
857 2777 8
857 2840 19
857 2868 12
858 504 13
858 813 24
858 2400 21
859 552 27
859 974 25
859 1379 9
859 2063 15
859 2992 28
860 2077 4
860 2569 26
861 350 1
861 2266 17
862 841 2
862 2826 15
863 14 18
863 470 14
863 954 2
863 1082 11
863 2028 1
864 461 30
864 1226 29
865 343 26
865 514 15
865 1498 13
865 2951 28
866 1318 10
866 2321 26
867 865 7
867 2596 17
868 1464 6
868 2615 10
869 168 22
869 2945 21
870 62 30
870 863 18
870 2772 15
871 675 1
871 1852 24
871 2442 5
871 2945 4
872 10 19
872 1058 5
872 2005 12
872 2222 12
873 178 11
873 556 22
873 741 18
873 1494 12
873 1987 2
873 2514 10
874 336 3
874 716 22
874 847 5
874 1133 9
874 2450 27
875 796 24
875 2323 19
875 2557 14
875 2626 22
876 467 27
876 567 20
876 843 1
876 883 10
876 1494 2
876 2597 23
877 1484 27
878 400 17
878 772 23
878 1217 12
879 69 13
879 2995 18
880 351 23
880 1333 17
880 1829 21
880 2162 26
880 2940 19
881 2102 12
882 177 5
882 1021 30
882 2156 14
882 2399 14
883 1366 24
884 282 27
884 310 10
884 343 2
884 2143 23
885 9 4
885 401 20
885 451 7
885 1986 17
885 2272 9
885 2789 18
886 2168 10
887 744 18
887 2419 19
888 415 2
888 695 7
888 2429 27
889 243 16
889 369 10
889 889 9
889 2342 25
889 2415 2
890 1263 17
890 1437 15
890 2934 20
891 348 5
891 958 19
892 487 24
892 661 26
892 1478 24
892 1984 30
892 2409 19
893 356 20
893 2227 9
894 2227 21
894 2457 13
895 2411 4
895 2502 2
895 2925 19
896 667 21
896 1721 10
896 2093 28
897 2345 30
897 2421 28
897 2980 16
899 1033 23
899 2419 26
899 2771 5
900 434 8
900 1929 5
900 2372 13
901 489 24
901 745 7
901 979 22
901 1932 8
902 1349 26
902 1684 26
903 528 26
903 567 11
904 633 22
904 1428 11
904 2595 10
905 2970 2
906 441 1
906 1398 19
907 159 22
907 1011 5
907 1728 14
908 741 16
908 918 15
908 1478 26
908 1698 25
908 1753 12
908 2738 25
909 65 14
909 931 19
909 2170 9
910 532 9
910 2267 23
911 577 16
911 1582 6
912 1842 28
912 2919 9
913 855 12
913 954 19
913 1226 9
913 2998 29
914 624 14
914 749 26
914 1289 9
914 1378 27
914 2514 7
914 2844 11
915 79 21
915 121 7
915 730 21
915 2139 4
915 2877 3
916 620 4
916 1606 19
916 2127 17
917 1302 30
918 167 6
918 469 28
918 1238 16
918 1408 19
918 2188 8
918 2834 25
919 55 20
919 1414 1
919 2743 2
920 556 25
921 643 28
921 2705 3
921 2764 28
921 2780 8
922 632 11
923 82 18
923 709 13
923 2823 28
924 1619 18
925 98 2
925 1297 4
925 2071 28
926 1006 22
926 1466 2
926 2239 18
926 2369 25
931 2155 4
932 1192 14
933 864 14
933 2184 12
934 135 13
934 683 19
934 1261 9
935 1584 20
935 1983 29
935 2945 17
936 1110 14
936 1862 10
936 2128 9
937 1189 8
937 1727 26
938 591 28
938 987 10
939 1305 23
940 188 5
940 1248 20
940 2395 2
940 2910 17
941 1949 17
942 140 20
942 812 18
942 2327 13
942 2500 17
943 515 1
943 1874 6
943 1917 27
943 2692 26
943 2727 10
944 56 10
944 121 1
944 376 21
944 1219 14
944 2496 11
944 2905 22
945 903 25
946 1863 1
946 2037 30
947 667 9
947 756 3
947 2649 8
948 863 8
948 2677 28
948 2753 27
948 2830 17
949 1870 13
950 910 23
950 1373 28
951 388 14
951 1656 9
952 1035 6
952 1597 3
952 1668 19
952 2487 18
952 2800 12
953 859 11
953 2064 24
953 2482 8
954 941 28
954 1145 25
954 1872 9
954 2659 28
955 2362 7
955 2671 14
956 1180 30
956 2256 20
957 952 8
957 1430 1
957 2464 19
958 53 8
958 914 3
958 1204 18
958 1760 15
959 934 30
959 988 14
959 2824 1
959 2855 4
960 980 6
960 2139 28
960 2828 18
960 2974 7
961 690 4
961 1987 12
961 2353 17
962 619 13
962 2641 23
962 2665 19
962 2806 28
963 1071 22
963 1358 17
963 1725 22
963 2293 22
964 2021 14
964 2139 21
964 2186 5
964 2379 14
965 297 10
965 396 5
965 444 6
965 1177 29
965 1848 4
965 2532 8
965 2823 8
966 631 19
967 2163 29
968 412 14
968 878 11
968 1553 25
969 1441 11
969 2275 1
970 297 12
970 1170 17
970 1380 26
970 1786 15
970 2100 25
970 2149 30
970 2437 8
970 2690 14
970 2842 28
971 1021 21
971 2985 30
972 677 11
973 1856 13
974 1228 5
974 1519 1
974 1896 9
975 1354 10
975 1493 11
975 1530 5
976 187 15
976 578 1
978 914 9
978 1238 14
978 1574 8
978 1576 19
978 1878 5
978 1954 21
978 1971 21
979 1691 29
979 2226 2
980 1590 21
980 1734 2
980 1885 10
980 2212 8
980 2476 16
981 262 27
981 587 8
981 1184 23
981 1271 10
981 1487 27
981 2407 6
982 1146 1
982 1148 7
983 1621 10
983 2621 5
984 646 8
984 1519 18
985 179 7
985 296 10
985 620 15
985 811 21
986 1404 10
987 526 23
987 1164 5
987 1331 9
987 1335 3
987 2298 1
987 2676 22
988 479 23
988 2549 29
989 2463 23
990 281 6
990 2854 30
991 844 24
991 1442 5
991 1482 15
991 2330 20
991 2596 4
991 2687 30
992 2516 21
992 2655 30
994 62 5
994 315 21
995 259 29
995 1304 14
995 1774 18
996 465 28
996 681 23
997 206 24
997 528 7
997 687 29
997 927 6
997 1059 8
997 2612 21
998 1791 10
998 1930 8
998 2812 15
999 94 10
999 204 29
999 447 8
999 2072 30
999 2260 21
1000 263 5
1000 776 29
1000 1937 15
1002 660 9
1002 2416 6
1002 2623 26
1003 313 13
1003 589 27
1003 2055 17
1004 542 12
1004 706 1
1004 886 7
1004 892 2
1004 1497 6
1004 2359 16
1005 516 29
1005 860 20
1005 892 1
1005 2540 5
1006 534 19
1007 1264 7
1007 1482 4
1008 568 1
1009 1110 8
1009 1622 12
1010 752 16
1010 1452 10
1010 1953 10
1010 2860 15
1011 1466 9
1012 479 23
1012 1388 19
1012 1576 30
1014 1768 29
1014 2723 27
1014 2914 27
1015 1297 24
1015 1742 9
1015 2434 23
1016 1075 10
1016 1325 13
1016 2547 15
1017 278 17
1017 503 14
1017 1108 12
1017 1113 24
1017 1525 5
1017 1964 1
1018 426 25
1018 1042 1
1019 328 11
1019 1401 1
1020 615 5
1020 776 4
1020 2959 8
1021 2131 8
1022 1118 19
1023 1100 17
1024 80 17
1024 596 25
1024 1713 18
1024 2665 9
1024 2871 13
1024 2964 17
1025 421 29
1025 754 9
1025 1233 5
1025 2736 23
1026 852 10
1026 2492 27
1026 2559 2
1026 2955 14
1027 399 11
1028 13 10
1028 520 19
1028 957 22
1028 959 4
1028 1805 23
1028 2092 14
1028 2405 28
1029 2022 16
1029 2715 25
1030 572 20
1030 1637 20
1030 2060 28
1031 425 19
1031 1870 27
1032 1631 8
1032 2545 28
1032 2865 5
1033 478 2
1033 836 15
1034 1209 6
1034 1418 6
1035 84 23
1035 2101 4
1035 2104 6
1036 509 27
1036 776 26
1036 2133 7
1037 152 15
1038 612 28
1038 930 20
1038 1686 25
1038 2429 7
1039 104 1
1039 1625 8
1039 2584 2
1040 14 15
1040 232 21
1041 2805 21
1042 346 30
1042 2177 7
1042 2182 10
1042 2944 11
1043 896 26
1044 142 21
1044 930 29
1045 418 3
1045 2147 18
1045 2520 4
1046 1241 26
1046 2881 24
1047 596 1
1047 2224 1
1048 819 8
1048 1310 4
1048 2666 7
1048 2707 26
1049 1325 22
1049 1606 5
1049 1744 10
1050 2947 11
1051 1317 25
1051 1393 26
1051 1689 9
1052 411 17
1052 931 3
1052 2688 11
1053 1763 23
1054 98 23
1054 618 1
1055 1668 23
1055 2671 30
1055 2921 3
1056 244 25
1056 697 25
1056 2173 23
1056 2335 24
1056 2548 20
1057 484 10
1057 1621 19
1058 888 7
1059 857 25
1059 2273 19
1060 318 8
1060 634 2
1060 1898 14
1060 2347 6
1061 965 19
1061 2156 5
1062 1233 10
1062 2950 28
1063 599 15
1063 1608 26
1064 1027 23
1064 2744 24
1065 546 4
1065 1916 17
1065 2052 26
1065 2244 27
1065 2673 9
1065 2903 26
1067 2848 11
1068 634 30
1068 1699 28
1068 2127 5
1068 2578 17
1070 384 12
1070 1006 20
1070 1993 6
1070 2443 13
1071 2162 8
1072 756 12
1074 1672 7
1075 2294 26
1076 553 11
1076 738 30
1076 810 2
1076 1678 8
1076 2144 18
1076 2189 6
1077 70 10
1078 239 7
1078 527 13
1078 1173 27
1078 2195 21
1079 265 28
1080 336 1
1081 23 7
1081 124 23
1081 1695 19
1081 1847 8
1081 2693 10
1082 491 29
1082 2374 7
1083 2546 30
1084 2075 25
1085 2100 23
1086 88 11
1086 287 15
1086 300 20
1086 539 24
1086 2196 14
1087 939 24
1088 880 22
1088 2928 2
1089 741 26
1089 1039 14
1089 1452 3
1089 2455 4
1089 2717 23
1089 2762 30
1089 2780 5
1091 69 30
1091 806 4
1092 1257 1
1092 1392 20
1093 588 23
1093 1058 23
1093 1281 19
1095 721 15
1095 749 11
1095 2361 26
1095 2935 17
1096 2900 1
1097 430 24
1097 1860 16
1097 2239 18
1098 110 9
1098 2646 18
1100 613 2
1100 1989 20
1100 2277 3
1101 1065 7
1101 1850 13
1102 714 17
1103 1937 8
1104 169 1
1104 1219 30
1104 2262 2
1105 187 4
1105 1204 22
1105 2428 2
1105 2672 30
1105 2811 13
1105 2970 27
1106 18 30
1106 757 3
1106 1516 20
1106 2124 15
1107 1049 13
1107 2372 26
1107 2405 25
1107 2586 30
1108 59 12
1108 1093 18
1108 1986 23
1109 154 19
1109 238 5
1109 893 23
1109 1733 7
1109 2100 28
1110 1306 13
1110 2340 1
1110 2994 4
1111 1195 17
1111 1725 17
1111 2552 4
1113 189 17
1113 832 16
1113 1651 5
1113 2645 12
1113 2861 8
1114 850 28
1114 2074 11
1114 2107 20
1115 1009 17
1116 90 3
1116 472 14
1116 2780 6
1117 2416 17
1118 1628 18
1118 1766 1
1118 2637 3
1120 653 17
1120 2056 5
1121 375 20
1121 2922 2
1122 9 23
1122 1172 24
1122 2383 16
1123 194 21
1123 914 13
1123 1554 28
1123 2709 22
1124 1170 17
1124 2837 7
1125 200 8
1125 2298 12
1125 2686 15
1126 723 16
1126 1597 8
1126 1957 27
1126 2971 15
1127 237 28
1127 766 29
1127 967 26
1127 1708 14
1127 2687 1
1128 971 2
1128 1300 19
1129 47 9
1129 701 19
1129 1976 11
1129 2786 12
1130 2421 28
1130 2492 7
1130 2633 23
1130 2771 21
1131 207 22
1131 675 9
1131 1164 6
1131 1534 12
1131 2373 21
1132 551 26
1132 1823 25
1132 2852 29
1133 1703 2
1134 578 25
1134 1393 10
1135 717 16
1136 1770 10
1137 2525 10
1138 1426 4
1138 2387 24
1139 693 7
1139 1729 3
1140 78 11
1140 1567 20
1140 2780 25
1141 235 12
1141 481 30
1141 501 4
1141 810 1
1141 2416 10
1141 2486 7
1142 321 20
1142 375 9
1143 318 21
1143 2673 10
1144 271 30
1144 356 29
1144 594 15
1145 703 3
1145 874 12
1145 1550 10
1146 352 28
1146 1019 2
1146 1051 3
1146 1644 22
1147 715 4
1147 1094 11
1148 421 23
1148 593 13
1148 713 6
1148 2592 8
1148 2662 19
1149 2297 8
1150 120 18
1150 530 8
1150 1670 3
1151 584 30
1151 824 7
1151 1075 28
1151 1397 22
1151 2446 8
1152 875 4
1153 2558 11
1154 183 16
1154 1451 24
1155 1338 20
1155 2154 7
1156 21 15
1156 1799 26
1157 1276 10
1157 2744 26
1158 1823 28
1158 2182 7
1158 2664 27
1159 176 22
1160 726 20
1160 2114 22
1160 2691 2
1160 2744 12
1160 2775 4
1162 1829 8
1162 1861 11
1163 265 22
1163 1326 7
1163 1427 28
1163 2158 29
1164 933 1
1164 1184 27
1165 1258 27
1166 1828 28
1167 620 18
1167 1228 27
1167 1891 23
1167 2284 20
1167 2636 12
1168 1220 17
1168 1560 1
1168 2145 19
1168 2587 23
1169 674 27
1169 1770 20
1169 1796 10
1169 2079 24
1169 2833 26
1170 21 28
1170 543 15
1170 1760 7
1171 1430 20
1172 824 9
1172 1273 10
1172 2254 23
1173 340 8
1174 368 20
1174 2335 15
1174 2790 14
1175 123 17
1175 2081 5
1175 2913 15
1176 102 6
1176 1379 24
1176 1870 12
1176 2134 15
1176 2556 20
1177 1738 27
1177 2151 5
1177 2633 23
1177 2707 13
1177 2887 27
1178 1783 3
1179 662 27
1181 46 23
1181 755 22
1181 1226 6
1182 61 8
1183 710 9
1183 2253 3
1183 2473 15
1183 2605 7
1184 2476 14
1184 2635 15
1185 2902 16
1186 145 7
1186 466 22
1186 1808 27
1186 2331 13
1186 2463 5
1187 222 6
1187 1930 9
1187 2318 11
1187 2709 11
1188 2218 2
1189 43 15
1189 1389 25
1189 1615 13
1189 1749 11
1189 1771 21
1190 25 28
1190 61 15
1190 538 18
1190 2024 30
1191 825 11
1191 2631 2
1191 2675 14
1192 758 8
1192 2258 2
1192 2589 14
1192 2984 10
1193 746 16
1193 1596 21
1195 377 24
1195 1746 30
1195 2234 28
1195 2839 22
1196 5 13
1196 1040 25
1196 2229 4
1196 2388 9
1197 103 30
1197 176 12
1197 1782 20
1197 2338 2
1198 158 6
1198 1591 4
1199 540 18
1199 870 18
1199 1231 6
1199 1478 1
1199 1688 7
1199 2203 20
1200 1626 18
1200 1644 29
1200 1687 30
1201 537 11
1201 2706 4
1202 2198 29
1204 334 12
1204 2315 17
1207 785 30
1207 1109 19
1207 2050 29
1208 993 23
1208 1082 10
1208 1127 19
1208 1172 6
1209 349 22
1209 381 13
1209 1130 1
1209 1564 1
1209 2243 4
1209 2254 5
1209 2913 12
1210 1700 27
1211 238 10
1211 843 15
1211 1085 14
1211 1303 19
1211 1374 12
1212 1893 14
1213 296 26
1213 523 1
1213 1197 23
1213 1239 24
1214 30 22
1214 2414 26
1214 2436 27
1215 84 20
1215 1293 7
1215 2682 5
1216 263 19
1216 1452 18
1216 2490 26
1217 173 4
1217 609 27
1217 2232 14
1218 481 1
1219 324 19
1219 875 18
1219 982 2
1219 1161 11
1219 1554 13
1219 2161 6
1219 2537 22
1220 92 9
1221 2638 15
1222 21 28
1222 797 22
1222 1171 25
1222 1347 9
1223 1526 28
1224 19 20
1224 536 1
1224 1628 20
1224 2581 5
1225 2993 22
1226 229 15
1226 2021 23
1226 2785 3
1227 226 14
1228 661 28
1228 1437 21
1228 1952 1
1229 826 23
1230 332 16
1230 612 19
1230 636 28
1230 1665 17
1230 2228 29
1230 2584 15
1231 1676 18
1231 2259 9
1232 123 27
1234 319 23
1235 233 22
1235 1321 5
1235 2422 29
1236 1384 19
1238 685 26
1238 1357 23
1238 1569 19
1238 1666 15
1238 2883 5
1239 284 11
1239 711 5
1240 741 9
1240 1379 2
1240 2919 11
1241 663 2
1241 751 26
1241 1415 24
1241 1901 21
1241 2282 9
1241 2931 16
1243 2084 5
1244 2195 24
1244 2766 5
1244 2965 2
1245 1056 2
1245 2013 3
1245 2648 16
1246 246 19
1246 786 12
1247 93 12
1247 772 3
1248 539 25
1248 814 8
1249 359 23
1249 512 6
1249 1433 25
1250 373 8
1250 416 24
1250 1629 10
1250 1651 12
1250 2791 5
1251 2809 6
1253 371 12
1253 409 28
1253 525 16
1253 2210 5
1253 2472 24
1254 3 10
1255 865 17
1255 938 2
1255 1332 17
1255 2529 21
1255 2903 17
1256 55 21
1256 516 22
1256 552 19
1256 769 24
1256 1148 29
1257 2833 29
1258 556 27
1258 1919 2
1258 2316 24
1258 2551 21
1259 100 1
1259 227 8
1259 1253 26
1259 2201 26
1259 2290 15
1260 514 12
1261 90 27
1261 599 18
1261 1593 8
1261 2768 2
1263 1895 30
1263 1935 5
1263 2717 17
1264 1597 26
1264 1897 20
1264 2617 18
1265 56 13
1265 75 13
1265 129 5
1265 484 25
1265 763 30
1265 1073 25
1265 1449 9
1265 1805 10
1266 136 10
1266 345 29
1266 2085 8
1267 267 6
1267 1032 1
1267 1204 23
1267 2884 27
1268 39 1
1268 1086 1
1269 757 14
1270 731 18
1270 1239 15
1272 953 25
1272 989 14
1272 2429 25
1272 2543 2
1272 2583 15
1272 2668 16
1273 319 29
1273 1799 2
1274 263 11
1274 834 18
1275 1457 11
1275 2455 15
1275 2744 1
1276 1227 15
1276 1988 2
1277 42 22
1277 124 2
1277 357 10
1277 2084 1
1277 2567 11
1278 468 8
1278 1300 30
1278 2003 17
1279 333 30
1280 1949 23
1280 2507 5
1281 203 1
1281 591 15
1281 634 18
1281 1002 10
1281 1193 21
1281 2096 5
1282 570 24
1283 495 15
1283 776 6
1283 2200 8
1283 2337 30
1284 2189 4
1284 2555 1
1285 1193 3
1285 2415 14
1285 2753 12
1286 536 17
1287 2846 6
1289 158 18
1289 853 10
1289 2205 27
1289 2266 19
1289 2886 19
1290 116 19
1290 265 30
1290 829 19
1291 870 18
1291 974 8
1291 1489 18
1291 1648 2
1291 1852 12
1291 2936 10
1292 848 16
1292 922 29
1292 1468 20
1293 230 29
1294 38 3
1295 1536 5
1295 2133 13
1295 2213 1
1296 1075 4
1298 1755 5
1299 1438 26
1299 2377 5
1300 321 7
1300 805 9
1300 850 8
1300 1203 15
1300 1909 14
1300 2733 17
1301 28 25
1301 563 2
1301 1787 6
1301 1925 5
1301 1931 20
1302 22 27
1302 200 23
1302 479 8
1302 722 4
1302 2040 11
1303 230 1
1303 1101 15
1303 1955 12
1303 2479 9
1304 367 5
1304 1925 1
1305 204 7
1305 564 30
1305 2850 5
1306 449 11
1306 854 22
1306 2333 9
1307 33 15
1307 694 17
1307 1009 5
1307 1250 13
1307 1809 18
1307 1879 4
1307 2848 20
1308 1539 1
1308 2291 12
1308 2568 6
1309 39 3
1309 1424 17
1309 2650 10
1310 48 14
1310 83 5
1310 148 25
1310 1075 21
1310 1371 8
1311 2521 5
1311 2670 14
1311 2909 14
1312 2774 16
1313 151 22
1314 2469 11
1314 2487 9
1315 258 20
1315 1593 2
1316 747 5
1316 2010 30
1316 2521 23
1317 1305 5
1318 46 7
1318 127 1
1318 1394 1
1318 2192 11
1318 2476 18
1318 2681 26
1318 2856 30
1319 665 11
1319 977 8
1320 913 27
1320 2556 5
1321 123 16
1321 233 29
1321 514 18
1321 723 21
1321 994 23
1321 1696 1
1322 1815 20
1323 1271 19
1323 2527 14
1323 2733 26
1324 1925 26
1325 459 5
1325 1366 6
1325 1791 4
1325 2948 24
1326 1586 29
1326 1596 1
1327 625 15
1327 768 13
1328 590 5
1328 596 21
1328 1735 13
1328 2177 6
1328 2842 2
1329 1121 23
1329 1528 1
1329 2506 23
1329 2542 3
1330 319 8
1330 487 12
1330 2008 7
1330 2472 24
1330 2611 10
1331 1492 16
1331 2100 6
1332 160 2
1332 1449 16
1332 1490 25
1332 1653 20
1333 577 29
1333 2560 20
1334 603 15
1334 2591 25
1335 895 17
1335 1782 11
1336 1464 10
1336 1515 15
1336 2333 11
1337 1664 25
1337 1713 19
1337 1718 15
1337 2122 15
1337 2847 24
1338 1140 12
1338 1327 8
1338 2239 16
1338 2282 5
1339 97 23
1339 1183 10
1340 605 12
1340 892 4
1340 2080 8
1340 2424 27
1341 363 5
1341 1294 23
1341 1893 2
1342 166 6
1342 1134 9
1342 1590 19
1342 1908 17
1342 1928 29
1342 2989 8
1343 122 23
1343 229 24
1343 1137 17
1343 1239 25
1343 1546 3
1343 2268 23
1343 2631 5
1344 1105 19
1344 1571 12
1344 2177 12
1344 2821 26
1345 836 5
1345 2416 15
1347 898 25
1347 1645 12
1348 1859 19
1348 2523 17
1349 9 21
1349 835 23
1350 334 12
1350 2023 28
1350 2097 11
1350 2293 16
1351 86 20
1351 102 5
1352 85 13
1352 876 20
1352 1736 23
1352 2344 21
1353 948 19
1353 1312 22
1353 2330 6
1354 2264 4
1354 2743 30
1355 2907 30
1356 449 28
1356 567 23
1357 1872 27
1357 2377 17
1357 2648 26
1357 2839 30
1358 8 12
1358 1223 30
1359 1166 14
1360 822 6
1360 1365 11
1360 2022 25
1361 982 15
1362 2912 1
1363 35 9
1363 2204 18
1364 1758 20
1364 2549 19
1364 2770 26
1365 80 9
1365 121 23
1365 2680 8
1365 2931 21
1366 2744 7
1367 1528 21
1367 2100 9
1367 2102 21
1368 100 26
1368 249 4
1368 582 20
1368 1791 25
1368 2085 1
1368 2994 4
1369 352 13
1369 1333 9
1369 2636 29
1370 1151 12
1370 1966 12
1370 2677 20
1371 1743 18
1371 2131 10
1372 121 30
1372 2597 4
1373 470 24
1373 1231 22
1373 1570 12
1373 2031 3
1373 2930 11
1374 38 30
1374 788 28
1374 1370 12
1374 1787 15
1374 2493 6
1375 980 2
1375 1131 13
1375 2032 18
1376 1840 2
1376 2387 25
1376 2540 13
1376 2997 27
1377 2245 15
1378 1431 29
1381 702 19
1381 1316 10
1381 2949 12
1382 488 28
1383 88 9
1384 1135 15
1384 1780 9
1384 2577 28
1385 2897 2
1386 569 10
1386 1629 20
1386 2095 27
1387 436 3
1387 2818 3
1389 2409 8
1389 2602 28
1390 821 6
1390 2147 30
1390 2395 25
1390 2820 17
1391 969 6
1391 1130 30
1392 1400 10
1393 634 10
1394 461 9
1394 1741 3
1394 2481 5
1395 570 21
1395 1009 29
1396 223 11
1396 1728 20
1397 757 17
1397 1670 20
1397 2515 23
1398 2292 6
1398 2538 20
1400 93 7
1400 1261 7
1400 1502 18
1400 2199 1
1400 2758 16
1401 374 29
1401 1248 27
1401 1652 11
1401 2550 1
1402 761 27
1402 1539 8
1403 249 6
1403 405 26
1403 1963 2
1403 2046 14
1403 2653 23
1404 273 24
1404 644 15
1404 706 2
1404 1040 2
1404 2500 9
1405 304 6
1406 856 23
1406 2965 29
1407 455 16
1407 2554 4
1408 2133 8
1408 2673 28
1408 2722 26
1409 1573 13
1409 2288 17
1409 2497 24
1410 998 11
1412 1007 4
1412 2572 24
1412 2788 27
1413 502 2
1413 1160 13
1413 1201 29
1414 705 25
1414 874 9
1414 1028 6
1414 1208 30
1414 1861 26
1414 2491 29
1415 722 6
1415 2123 18
1416 718 22
1416 1133 20
1416 2175 19
1416 2315 16
1416 2337 29
1416 2950 17
1417 830 30
1417 1064 27
1417 1992 24
1417 2796 25
1418 495 4
1418 2721 21
1419 1424 20
1419 2443 9
1420 1169 8
1421 2011 5
1421 2373 19
1421 2374 3
1422 177 21
1422 949 7
1422 1760 27
1423 879 25
1423 1570 5
1423 1863 21
1423 2836 3
1424 279 10
1424 857 12
1425 791 20
1425 1057 1
1426 1807 9
1426 2407 7
1426 2974 14
1428 346 29
1428 1330 17
1429 607 29
1429 727 19
1429 1626 3
1429 2454 28
1430 1394 7
1430 1869 27
1431 1012 22
1433 354 3
1433 1835 9
1434 606 3
1434 629 11
1434 1108 8
1435 421 30
1435 678 21
1435 1065 11
1435 1734 20
1437 1147 28
1437 1256 29
1437 1451 14
1437 2759 2
1438 213 11
1438 802 8
1438 1323 4
1439 342 14
1439 1821 27
1439 2062 26
1440 283 23
1440 2651 25
1441 212 9
1441 259 21
1442 1599 11
1442 2495 8
1443 699 1
1443 1809 6
1443 2927 27
1444 415 7
1444 2376 24
1445 2404 11
1446 286 9
1446 946 2
1446 1128 5
1446 1579 11
1446 1705 2
1446 2246 4
1446 2575 24
1446 2815 12
1447 408 15
1447 981 21
1448 1007 2
1448 1412 20
1449 126 14
1449 949 12
1449 1286 27
1449 1943 9
1451 2532 25
1452 97 15
1452 966 4
1452 1057 17
1452 1381 9
1453 358 13
1454 387 29
1454 540 12
1454 1572 12
1455 336 29
1455 754 9
1455 914 8
1455 1849 28
1455 2566 2
1456 1422 18
1456 1673 28
1456 2690 25
1457 1675 15
1458 1684 1
1458 1999 26
1458 2078 18
1458 2150 24
1460 1498 29
1460 2845 25
1461 35 6
1462 1974 30
1462 2805 14
1463 2653 19
1463 2744 3
1464 1293 11
1464 2143 20
1464 2804 28
1465 587 17
1466 2312 23
1467 724 6
1467 1145 18
1467 1428 5
1467 1847 27
1468 2747 29
1469 1459 8
1469 2581 17
1469 2734 7
1470 455 16
1470 989 14
1470 2100 30
1470 2145 25
1470 2927 4
1471 120 16
1471 837 9
1471 1173 4
1471 1220 12
1471 1853 27
1472 663 27
1472 1691 10
1472 1816 13
1472 2115 2
1472 2631 2
1472 2786 26
1472 2938 12
1473 1340 4
1473 2335 28
1473 2340 1
1473 2406 23
1474 587 15
1474 1702 24
1474 2609 29
1475 1535 2
1477 1425 20
1477 1512 17
1478 935 22
1478 1073 28
1478 1119 3
1478 1747 20
1478 2130 5
1479 609 17
1479 1048 19
1479 1451 29
1479 1593 20
1480 311 4
1480 864 30
1481 1218 15
1481 1580 7
1481 1861 18
1481 2378 11
1482 11 9
1483 148 30
1483 540 4
1483 740 10
1484 532 25
1484 807 7
1484 1553 5
1484 2321 23
1484 2424 8
1485 138 28
1485 1724 29
1486 2308 23
1487 217 18
1487 1184 30
1487 1569 4
1488 862 4
1488 1608 13
1489 683 23
1489 1507 28
1490 334 2
1490 2438 19
1490 2557 14
1490 2832 12
1492 598 18
1492 1326 25
1492 2383 15
1492 2831 9
1493 925 1
1494 983 14
1494 2529 26
1495 1032 11
1496 315 22
1496 500 25
1496 673 6
1496 1763 23
1496 2112 19
1496 2973 13
1497 1756 27
1498 371 3
1499 682 12
1499 694 24
1500 969 1
1500 2414 26
1501 1297 3
1501 1455 22
1501 1824 29
1501 2145 28
1502 1990 4
1502 2978 14
1503 934 26
1503 1699 27
1504 10 2
1504 550 1
1505 244 8
1505 1293 11
1505 1566 18
1505 2522 15
1506 477 19
1506 976 18
1506 1026 28
1506 1200 14
1506 1607 21
1506 2030 19
1506 2056 30
1507 631 26
1507 1363 11
1507 2674 19
1508 641 30
1508 2735 29
1508 2972 13
1509 412 11
1510 1336 15
1510 1498 14
1510 1724 28
1510 2409 17
1510 2529 27
1510 2663 27
1510 2860 7
1511 752 1
1512 258 2
1512 891 2
1512 1408 27
1513 931 3
1513 1039 2
1513 1128 27
1513 1720 14
1513 2316 11
1513 2459 11
1514 2945 2
1515 135 29
1515 600 8
1515 2656 8
1515 2957 19
1516 107 18
1516 606 7
1516 761 6
1516 2180 28
1517 2110 17
1518 450 6
1518 824 18
1518 1831 30
1519 265 8
1519 1345 2
1519 2246 5
1520 1036 6
1520 2824 19
1521 448 1
1521 825 24
1521 1779 25
1521 2285 23
1523 998 25
1523 1545 18
1524 1245 12
1524 1881 19
1524 2925 11
1525 395 8
1525 404 2
1525 929 22
1525 1780 18
1525 2260 26
1526 343 20
1526 952 17
1526 2263 25
1527 1301 30
1527 1336 4
1527 2320 1
1528 634 5
1528 1461 23
1528 1573 10
1528 2444 2
1528 2955 10
1529 190 9
1529 335 2
1529 451 12
1529 2841 5
1529 2918 29
1530 805 22
1530 1898 27
1530 2662 14
1531 431 8
1531 2010 20
1531 2574 30
1532 1047 25
1532 1480 23
1533 1248 18
1533 1508 5
1533 2277 22
1533 2553 12
1534 438 18
1534 1509 9
1535 315 7
1536 41 29
1536 1680 25
1536 2763 23
1537 1417 28
1537 1794 20
1537 2560 15
1538 43 25
1538 61 12
1538 78 24
1538 1035 18
1538 1554 21
1538 2314 24
1539 2113 19
1539 2409 2
1539 2943 28
1540 759 9
1540 1150 23
1540 1234 17
1540 2194 22
1540 2222 30
1541 10 28
1541 1054 21
1541 1417 16
1542 488 20
1542 753 9
1542 1087 13
1542 2143 11
1542 2460 12
1542 2595 30
1543 247 11
1543 344 18
1544 1024 21
1544 1683 27
1544 2242 2
1544 2472 18
1545 634 16
1545 1274 16
1546 1384 4
1546 1732 27
1546 2338 10
1547 249 14
1547 778 17
1547 2301 25
1548 284 24
1548 2466 11
1549 315 15
1549 663 3
1549 684 25
1549 1111 1
1549 2195 16
1549 2771 17
1550 470 28
1550 669 29
1550 1905 24
1550 1906 9
1550 2496 29
1551 384 6
1551 2065 19
1551 2571 10
1552 2109 28
1552 2557 21
1553 581 19
1553 1376 18
1553 1623 17
1553 2613 20
1555 382 27
1555 756 2
1555 2628 5
1556 185 1
1557 2195 28
1557 2958 6
1558 827 14
1558 2295 6
1559 352 1
1559 524 7
1559 1274 8
1559 1526 15
1559 1656 1
1559 1850 25
1560 1071 7
1561 214 17
1561 1074 3
1562 2888 4
1563 953 15
1563 1316 26
1563 2421 4
1564 60 13
1564 1462 2
1565 1425 22
1565 1685 14
1565 2651 29
1566 1463 12
1566 1736 2
1566 2140 8
1567 1440 20
1567 2932 21
1568 1276 4
1569 1265 21
1569 1811 25
1570 488 26
1570 631 10
1570 632 23
1571 1652 9
1571 1803 7
1572 1306 15
1574 1588 8
1574 1754 7
1574 1837 29
1574 2468 30
1575 176 1
1575 1754 27
1575 2669 16
1576 2643 3
1577 167 22
1577 1735 22
1577 1868 28
1577 1924 25
1578 958 26
1578 1658 21
1578 1946 8
1579 1072 9
1579 1426 11
1579 1656 11
1579 1766 10
1579 2060 18
1579 2799 30
1579 2941 22
1580 985 22
1580 1551 20
1580 1971 9
1581 49 17
1581 2364 21
1582 483 1
1582 922 18
1582 1074 27
1582 1952 15
1584 1352 17
1584 2323 3
1585 784 5
1585 1559 16
1586 555 25
1586 1161 1
1586 2682 24
1587 1110 27
1587 1311 14
1588 1918 15
1588 2370 17
1588 2524 8
1589 77 3
1589 275 29
1590 2856 15
1591 133 3
1591 259 10
1591 2337 25
1592 756 5
1592 1262 19
1593 353 16
1593 1146 26
1593 1286 10
1593 1801 5
1593 2166 26
1594 689 19
1594 2066 25
1594 2324 26
1594 2767 28
1595 80 13
1595 470 2
1595 548 14
1595 1751 8
1596 546 28
1596 624 29
1596 853 2
1596 1813 20
1596 2135 14
1597 1221 21
1597 1320 3
1597 2875 21
1598 2074 7
1599 1356 10
1599 2231 23
1599 2375 27
1600 900 16
1600 1511 17
1600 2083 6
1600 2817 2
1601 112 21
1601 2348 25
1602 2598 17
1603 468 9
1603 1361 26
1603 1863 21
1603 2304 4
1604 78 6
1604 1585 7
1604 1667 22
1604 1708 3
1604 2908 12
1605 1255 23
1606 1232 16
1606 1972 19
1606 2368 13
1607 1438 7
1608 658 20
1608 1243 2
1608 1293 20
1608 1303 10
1608 2444 5
1609 311 10
1609 2872 8
1609 2930 6
1610 898 24
1610 925 5
1611 834 22
1612 151 11
1612 302 2
1612 681 23
1612 979 23
1612 1398 18
1612 2112 2
1612 2771 1
1613 1168 6
1613 2911 14
1613 2936 27
1614 204 11
1614 1209 21
1614 2011 18
1615 691 6
1616 19 24
1616 355 2
1616 374 13
1616 389 12
1616 1406 14
1616 2185 19
1617 207 23
1617 328 16
1617 788 1
1618 466 3
1619 466 12
1620 159 2
1620 875 2
1620 1842 17
1621 957 26
1621 2235 28
1622 314 30
1622 2233 28
1622 2674 30
1623 1820 15
1623 2164 20
1625 599 9
1626 606 16
1626 1210 13
1626 1658 14
1626 2219 29
1627 2172 9
1628 332 17
1628 344 11
1629 845 26
1629 1708 22
1630 587 4
1630 1329 19
1630 1481 4
1631 108 15
1631 1357 3
1631 1866 15
1632 2032 8
1632 2887 10
1632 2944 15
1633 117 2
1633 179 21
1633 1202 8
1634 2551 25
1634 2615 29
1635 1040 25
1636 122 23
1636 265 21
1636 369 22
1636 2468 14
1637 1025 5
1637 2088 4
1637 2495 14
1638 389 12
1638 1770 8
1638 1959 28
1639 1753 10
1639 1800 16
1639 2959 6
1640 978 13
1640 1285 3
1640 1860 27
1640 2393 16
1641 1182 21
1641 1678 30
1641 2231 23
1641 2983 15
1642 1543 6
1642 1978 22
1642 2484 24
1643 778 20
1644 1425 15
1644 1452 6
1645 639 20
1645 1022 9
1646 322 27
1646 1561 14
1646 1896 23
1647 965 17
1647 1381 28
1647 1715 28
1648 1132 21
1649 2499 1
1650 1161 12
1650 1243 2
1650 2073 30
1650 2162 1
1651 2 3
1651 506 7
1651 1255 6
1651 2177 15
1651 2612 9
1652 1220 24
1652 1752 1
1652 2071 21
1653 1426 23
1654 152 15
1654 694 28
1655 268 29
1656 536 6
1656 777 21
1656 1077 10
1656 2243 20
1657 493 19
1657 2073 29
1658 642 20
1658 1493 15
1659 139 5
1659 282 5
1659 1772 1
1660 31 2
1660 72 2
1660 824 13
1660 1687 24
1661 10 5
1661 338 6
1661 385 23
1661 1301 27
1661 1538 8
1661 1751 29
1661 1843 2
1662 1441 15
1662 2346 29
1663 2704 25
1664 494 7
1664 2886 11
1665 674 10
1665 1190 21
1665 2992 8
1666 596 30
1666 1565 18
1666 2887 21
1667 583 1
1667 1262 7
1667 1285 9
1668 443 22
1668 2144 18
1668 2264 15
1668 2734 26
1669 1981 22
1669 2606 15
1670 720 27
1670 1709 24
1671 821 19
1671 1634 20
1671 2478 20
1671 2734 24
1672 11 12
1672 289 17
1672 1143 23
1672 2915 2
1673 147 18
1673 349 29
1673 1399 30
1674 719 5
1674 1790 5
1674 2386 10
1675 629 6
1675 727 17
1675 1185 18
1675 1675 5
1675 2348 4
1676 783 8
1676 1442 27
1676 1515 2
1676 2520 8
1677 647 18
1677 2467 20
1677 2747 22
1678 486 13
1678 2968 11
1679 27 28
1679 2393 1
1680 1842 26
1680 2736 16
1682 802 12
1682 1636 16
1683 503 1
1683 1607 15
1684 8 2
1684 1086 15
1684 1116 16
1684 1834 11
1685 1100 14
1685 1339 15
1687 545 7
1687 1142 10
1687 1764 17
1687 2377 12
1687 2909 27
1689 662 26
1689 2056 8
1689 2411 30
1690 1164 3
1691 2262 5
1692 1121 2
1694 48 2
1695 1241 14
1695 2379 13
1696 165 23
1696 963 19
1696 1271 23
1696 1462 12
1696 1665 11
1696 2986 19
1697 1749 27
1697 2750 23
1697 2884 26
1698 181 19
1698 1447 7
1698 1930 27
1698 2580 3
1699 1682 23
1699 2034 29
1700 299 8
1701 583 29
1701 1195 6
1701 1216 18
1701 1354 15
1701 2192 9
1701 2958 6
1702 1257 10
1702 2236 17
1703 787 27
1703 2263 4
1703 2739 13
1703 2899 20
1703 2950 5
1704 129 18
1704 197 2
1704 2361 19
1704 2420 6
1704 2538 25
1704 2718 30
1705 1776 17
1705 1989 5
1705 2599 18
1706 454 1
1706 1010 30
1706 2697 6
1707 1443 7
1708 388 18
1708 1217 1
1708 1839 29
1708 2170 16
1708 2829 30
1709 587 20
1709 1369 21
1710 282 17
1710 1293 4
1710 1689 22
1710 2537 14
1711 666 6
1711 1186 8
1711 1205 11
1711 1398 1
1711 2372 12
1712 2192 30
1713 504 6
1714 1239 29
1714 2907 2
1715 1567 16
1716 92 27
1716 994 18
1716 1234 8
1716 1642 5
1717 346 22
1717 903 25
1718 211 5
1718 410 21
1719 626 23
1719 801 11
1719 967 30
1719 1183 15
1719 2430 2
1719 2869 15
1720 703 14
1720 1180 21
1720 2584 28
1721 1243 23
1721 1695 16
1721 1838 19
1722 1640 6
1722 1859 21
1722 2848 18
1723 307 16
1724 1303 14
1724 2663 29
1724 2872 8
1725 650 19
1726 188 19
1726 588 1
1727 178 26
1727 1991 7
1728 2774 18
1729 299 3
1729 813 11
1729 2441 9
1729 2530 20
1730 623 7
1730 1480 21
1730 2230 4
1731 684 10
1732 1278 12
1733 537 18
1733 779 3
1733 2103 26
1733 2626 1
1734 467 15
1735 979 23
1735 2470 15
1736 81 30
1736 185 3
1736 2051 21
1736 2259 13
1737 1944 20
1738 286 28
1738 384 26
1738 664 10
1738 1060 27
1738 1251 6
1738 1600 21
1738 2749 27
1739 60 23
1739 425 27
1740 403 14
1740 908 18
1740 1433 30
1741 371 14
1741 731 7
1741 1682 6
1741 2928 26
1742 2293 10
1744 734 7
1744 826 7
1744 2971 27
1745 302 9
1745 1980 25
1745 2156 19
1746 1994 15
1747 685 9
1747 1227 26
1747 1631 15
1748 538 12
1748 1222 8
1748 1396 19
1748 1459 1
1748 2155 27
1749 778 6
1750 1571 3
1750 1633 24
1750 2015 3
1750 2223 23
1751 2095 20
1751 2161 25
1751 2353 19
1751 2371 26
1752 1258 12
1752 1506 10
1753 2485 1
1753 2796 18
1754 330 16
1754 345 19
1754 1900 19
1754 2043 14
1754 2176 17
1754 2451 7
1755 859 15
1755 1599 11
1755 2307 18
1755 2707 29
1756 450 20
1756 1364 13
1756 1592 5
1756 2121 23
1757 1026 20
1758 737 23
1758 760 15
1758 796 16
1758 2359 28
1758 2780 17
1759 1458 1
1759 2474 30
1760 953 9
1760 2313 21
1762 107 17
1762 1308 20
1763 1098 8
1763 1147 28
1763 1482 29
1763 2809 30
1764 48 8
1764 811 6
1764 903 18
1764 2143 18
1765 1427 12
1767 442 5
1767 661 25
1767 786 26
1767 1139 7
1767 1332 12
1767 2184 16
1768 2122 18
1768 2392 16
1768 2417 21
1769 1423 10
1769 1625 5
1769 2566 13
1769 2886 25
1770 144 12
1770 1371 3
1770 1789 11
1771 534 13
1771 769 24
1772 577 12
1772 2144 25
1772 2741 2
1772 2941 23
1773 452 24
1773 896 30
1773 1844 13
1774 220 23
1774 310 29
1774 1268 11
1774 1738 3
1774 2096 16
1775 1764 22
1775 1949 7
1775 2213 2
1775 2315 9
1776 215 5
1776 370 13
1776 1408 24
1776 2908 23
1777 60 20
1777 417 14
1777 590 2
1777 942 16
1777 964 19
1777 967 26
1777 2507 28
1777 2993 13
1778 1761 29
1778 2707 10
1778 2998 28
1779 689 2
1780 1471 26
1781 776 30
1781 1894 24
1781 2001 19
1781 2170 29
1781 2563 6
1782 1855 3
1783 10 19
1783 1414 8
1783 1467 5
1783 2017 4
1783 2243 29
1784 2821 3
1785 935 6
1785 1061 29
1785 1121 8
1785 1559 10
1786 927 23
1786 1242 22
1786 1885 22
1787 982 6
1788 513 23
1788 692 7
1788 1261 16
1788 2349 11
1788 2485 4
1789 1233 28
1789 2597 9
1790 2689 5
1790 2968 26
1791 474 10
1792 593 22
1792 1551 25
1792 2178 25
1792 2598 10
1793 1845 15
1793 2412 22
1794 563 13
1794 685 3
1795 970 30
1796 1165 9
1796 1743 28
1796 2434 20
1797 742 12
1797 910 25
1798 457 19
1799 1730 11
1799 2935 27
1800 285 11
1800 512 2
1800 843 18
1800 1273 8
1800 1496 24
1800 2127 24
1800 2609 24
1801 2438 26
1801 2933 20
1802 97 13
1802 256 4
1802 466 24
1802 1727 30
1803 20 5
1804 390 16
1804 1846 24
1804 2584 29
1805 367 17
1805 1915 30
1806 514 21
1806 1348 21
1806 1979 24
1806 2288 12
1806 2949 30
1807 501 14
1807 745 1
1808 243 3
1808 756 30
1809 849 19
1811 1151 5
1811 2861 26
1812 72 21
1813 501 6
1813 1691 5
1813 1715 21
1814 620 21
1814 699 21
1815 1255 6
1815 2705 17
1815 2984 10
1816 1299 18
1816 2651 12
1817 497 25
1818 642 18
1818 675 17
1818 864 10
1818 884 3
1818 1399 7
1818 1795 19
1818 2532 25
1819 2148 27
1820 960 9
1820 1592 10
1820 2306 30
1820 2650 30
1821 1529 23
1821 2031 1
1821 2540 24
1822 2535 23
1823 467 11
1823 708 28
1823 1265 10
1823 2337 24
1823 2956 3
1824 1615 15
1824 2846 14
1825 950 16
1825 1368 5
1825 1850 19
1826 419 2
1826 1356 6
1826 1486 28
1826 2218 13
1827 1137 30
1828 1486 7
1828 2324 29
1829 606 2
1829 1066 2
1830 404 28
1831 112 12
1831 425 26
1831 1754 24
1832 1850 12
1832 2084 5
1832 2206 16
1833 132 12
1833 946 20
1834 1693 8
1834 2443 27
1834 2475 12
1835 2304 18
1835 2783 25
1836 2419 21
1837 888 3
1838 1271 19
1838 2293 27
1840 857 16
1841 626 26
1841 911 23
1841 1879 26
1841 1966 27
1842 1913 28
1843 1393 24
1844 534 2
1844 652 20
1844 1208 30
1844 1281 22
1844 1953 13
1844 2196 23
1844 2499 19
1844 2542 24
1844 2885 18
1845 124 5
1846 269 5
1847 2873 15
1849 92 20
1850 277 8
1850 1804 4
1850 2970 27
1852 371 5
1853 753 7
1853 1026 6
1853 1328 21
1853 1459 19
1854 777 9
1854 2345 1
1855 561 8
1855 704 16
1855 1653 27
1855 2584 30
1855 2657 12
1855 2740 23
1856 808 20
1856 931 27
1856 2741 16
1856 2959 9
1857 492 18
1857 2883 8
1858 254 13
1858 1053 11
1858 1736 26
1859 1951 6
1860 461 20
1861 155 30
1861 961 10
1861 1463 26
1861 2191 11
1862 560 18
1862 732 29
1862 1312 29
1862 1589 14
1863 4 27
1864 1764 5
1865 495 4
1865 1712 16
1865 1920 5
1865 2116 4
1866 654 23
1866 939 12
1866 1394 22
1866 1704 14
1866 1922 15
1866 2232 7
1866 2335 3
1867 343 11
1867 1326 22
1867 1662 3
1867 2621 29
1868 4 29
1868 253 15
1868 714 1
1868 1839 17
1868 2800 12
1869 473 20
1869 480 8
1869 1617 22
1869 1994 16
1870 300 19
1871 331 1
1871 2733 6
1872 1138 9
1872 1761 14
1873 422 25
1873 2646 13
1874 242 9
1874 899 10
1875 229 9
1875 2464 4
1875 2997 24
1876 1502 13
1876 1883 26
1878 200 29
1878 240 27
1878 372 2
1878 751 24
1878 835 8
1879 221 15
1879 339 26
1880 2100 28
1881 648 14
1881 2408 3
1881 2929 28
1882 796 22
1882 915 6
1883 1881 9
1883 2692 29
1884 523 27
1884 2852 24
1885 1168 9
1885 1322 19
1885 1588 22
1885 2013 18
1885 2043 24
1886 2389 16
1887 2032 22
1887 2202 2
1887 2399 17
1888 38 23
1888 141 28
1888 2149 2
1888 2182 5
1889 307 15
1889 1090 30
1889 2785 1
1889 2836 8
1890 349 23
1890 790 8
1890 2538 22
1890 2618 11
1891 1226 27
1891 2936 27
1892 754 5
1893 2656 24
1894 1040 18
1894 1464 10
1895 630 3
1895 696 9
1896 639 29
1896 2940 18
1897 2795 17
1898 4 17
1898 388 1
1898 1453 4
1898 1811 3
1899 2291 16
1899 2860 18
1900 2864 4
1902 426 2
1902 796 10
1902 1054 23
1902 2061 25
1902 2470 14
1902 2733 7
1903 2794 25
1904 1777 14
1905 1859 14
1906 1718 17
1908 977 14
1908 2638 6
1908 2699 19
1909 1973 10
1909 2321 24
1910 899 23
1910 1940 26
1910 2565 12
1911 542 3
1911 565 20
1911 1855 20
1913 702 1
1913 895 29
1914 83 28
1914 1532 9
1914 1954 30
1915 166 2
1915 290 11
1915 1398 15
1915 1676 19
1915 1959 7
1915 2148 9
1915 2946 20
1916 1503 29
1917 1776 3
1917 1893 3
1917 2758 28
1918 127 19
1919 2624 8
1920 791 11
1920 1298 28
1920 1385 21
1920 2578 8
1920 2847 16
1921 1333 23
1921 1913 2
1921 2439 9
1922 1056 18
1922 1496 5
1922 1765 11
1923 141 29
1923 595 16
1923 604 3
1923 1756 27
1924 910 13
1925 1323 11
1926 185 26
1926 475 6
1926 1905 22
1926 2490 3
1926 2803 24
1927 1330 28
1927 1369 3
1927 2341 5
1927 2408 18
1927 2668 5
1928 973 7
1928 1345 15
1928 2709 16
1929 134 15
1929 141 18
1929 1704 13
1929 2784 27
1930 892 17
1930 1757 28
1930 2813 19
1931 1967 10
1931 2804 6
1932 1860 28
1932 2098 6
1932 2502 8
1932 2699 26
1933 1440 21
1933 2268 10
1934 2055 23
1936 176 4
1937 666 13
1937 1012 10
1937 1081 9
1937 2356 4
1938 1635 12
1939 92 25
1939 191 23
1939 1588 14
1939 2026 29
1939 2428 2
1939 2742 11
1939 2776 6
1940 1018 9
1940 2152 26
1940 2947 12
1941 298 26
1941 414 30
1941 954 8
1941 1530 4
1941 2879 27
1942 13 19
1942 639 14
1943 46 25
1943 557 16
1943 2090 11
1943 2210 24
1943 2974 12
1944 780 2
1946 241 26
1946 930 26
1946 2224 5
1948 655 8
1948 888 5
1948 1926 5
1948 2000 3
1948 2516 9
1949 707 29
1950 545 17
1950 1160 22
1950 2819 20
1950 2930 18
1951 2635 24
1952 426 17
1952 2056 18
1952 2746 19
1953 634 28
1953 2269 5
1953 2451 10
1955 272 27
1955 1755 9
1955 2494 29
1955 2756 15
1956 79 14
1956 776 23
1956 949 23
1957 411 24
1957 449 8
1958 83 26
1958 897 25
1958 1876 3
1958 2162 21
1958 2752 21
1959 1731 2
1959 2107 17
1960 307 26
1960 798 4
1960 2892 25
1961 202 16
1961 778 12
1961 1018 9
1961 1021 27
1961 1305 22
1961 1454 2
1961 1627 13
1961 2949 9
1962 388 13
1962 656 2
1962 1022 14
1962 2301 22
1963 1366 29
1963 1915 22
1963 2373 20
1963 2436 5
1964 43 27
1964 1187 4
1965 424 27
1965 2195 20
1966 1595 4
1966 1939 22
1966 2655 7
1967 779 28
1967 1571 4
1967 1711 27
1967 1998 30
1967 2048 13
1968 590 14
1968 1699 25
1968 2682 7
1971 244 22
1971 1592 29
1971 1868 7
1971 2166 18
1973 2360 20
1973 2577 1
1974 525 1
1974 1201 28
1974 2608 5
1974 2985 2
1975 688 3
1975 1764 18
1976 1276 22
1976 2137 24
1977 152 30
1977 2655 19
1978 1429 12
1978 1489 25
1979 517 7
1979 2022 2
1980 693 28
1980 1936 29
1980 2111 8
1980 2175 26
1980 2386 24
1980 2676 26
1980 2766 17
1980 2997 6
1981 1202 2
1981 1564 11
1981 1632 5
1982 1388 23
1982 2511 9
1983 460 11
1983 2455 10
1984 646 20
1984 1361 3
1985 558 2
1985 655 18
1985 728 7
1985 1515 26
1985 1806 12
1985 2063 25
1986 560 9
1986 1157 6
1986 1513 24
1986 2687 27
1987 1790 9
1987 1823 18
1987 1922 4
1988 418 10
1988 1965 8
1988 2524 24
1989 168 9
1989 208 3
1989 2161 17
1989 2850 27
1990 155 11
1990 351 15
1990 390 28
1990 1442 13
1990 2780 19
1991 1450 20
1991 1493 14
1992 816 21
1992 2071 21
1993 180 3
1993 840 24
1993 969 23
1993 1210 12
1994 2196 22
1995 353 10
1995 2514 24
1995 2684 16
1996 1706 18
1997 685 21
1997 820 1
1997 837 15
1997 2935 29
1998 319 11
1998 729 18
1998 1757 1
1999 2162 18
1999 2268 3
2000 282 9
2000 1326 12
2001 400 19
2001 1999 5
2001 2138 22
2002 668 3
2002 676 24
2002 1567 4
2003 1293 13
2003 2404 13
2003 2528 17
2003 2857 4
2004 20 26
2004 2306 12
2004 2994 19
2005 171 10
2006 2572 23
2006 2723 10
2007 1583 19
2007 2697 16
2008 1857 26
2009 1215 6
2009 1592 28
2009 1763 18
2009 2057 12
2009 2436 27
2010 320 28
2010 524 21
2010 886 27
2010 1212 7
2010 1773 23
2010 1830 27
2011 216 18
2011 2443 4
2012 402 24
2012 809 1
2012 1743 28
2013 140 17
2013 775 27
2013 1939 11
2013 2612 22
2013 2870 13
2014 471 6
2014 778 9
2015 2335 24
2015 2965 24
2016 2538 18
2016 2636 9
2016 2775 3
2017 2458 6
2018 551 24
2018 647 20
2018 1429 3
2018 1704 14
2019 1339 30
2019 1677 15
2019 2433 10
2019 2695 27
2020 1160 5
2021 1180 28
2021 1550 26
2021 2595 20
2022 1137 24
2022 2442 5
2022 2792 23
2023 597 9
2023 2479 6
2023 2884 20
2024 403 18
2024 2596 2
2024 2850 22
2025 1873 9
2025 1973 6
2026 1392 27
2027 119 17
2027 899 22
2027 2124 12
2027 2367 26
2029 2192 30
2030 144 7
2030 1351 23
2030 1399 15
2030 1919 26
2030 1965 25
2031 912 28
2031 1170 25
2031 1871 1
2031 1931 29
2032 1575 14
2032 1631 28
2032 1964 26
2032 2092 1
2033 1094 17
2033 1847 12
2034 533 5
2034 1396 1
2035 424 20
2036 686 10
2038 1977 12
2039 751 29
2039 1393 3
2039 2613 4
2039 2794 7
2040 52 9
2041 179 22
2041 836 15
2041 1708 30
2041 2135 4
2041 2453 2
2041 2552 21
2042 207 2
2042 1355 24
2042 2370 5
2043 322 27
2043 1249 19
2043 1315 25
2044 217 14
2044 1661 19
2045 48 23
2045 1795 19
2045 1962 16
2045 1971 19
2045 2028 19
2045 2929 24
2046 882 30
2047 20 23
2047 1842 24
2047 1904 11
2048 416 25
2048 1031 6
2048 1084 10
2050 686 27
2050 778 1
2050 1028 8
2050 1238 5
2052 2248 14
2053 1197 15
2053 1309 26
2053 2836 9
2053 2837 16
2054 156 16
2054 1603 10
2054 2517 2
2055 1791 13
2055 2116 29
2055 2653 20
2056 723 7
2056 1473 4
2056 2160 30
2056 2794 29
2057 2345 22
2058 1638 8
2058 2496 17
2059 989 2
2059 2316 23
2060 486 8
2060 2015 16
2060 2515 17
2060 2635 11
2060 2690 10
2061 958 14
2061 2607 20
2062 594 29
2062 1170 6
2062 1424 19
2062 1705 3
2064 658 11
2064 1294 25
2066 1579 21
2066 2780 20
2067 476 3
2067 1142 6
2068 2130 21
2068 2301 4
2068 2381 18
2069 2532 19
2069 2755 15
2070 941 16
2070 2274 22
2071 509 14
2071 928 15
2071 985 5
2071 1695 13
2071 2721 1
2072 1541 28
2072 1545 6
2073 191 1
2073 578 14
2073 2177 14
2073 2945 11
2073 2961 15
2074 2112 19
2074 2373 22
2074 2981 13
2075 351 24
2075 1022 10
2076 1482 8
2077 403 4
2077 543 5
2078 876 28
2078 1124 15
2078 1523 7
2078 2286 25
2079 172 6
2079 1453 10
2079 2605 5
2079 2780 24
2080 1404 24
2081 199 20
2081 323 8
2082 2355 29
2083 778 4
2083 2386 4
2083 2519 4
2084 1867 27
2084 2564 2
2086 26 1
2086 284 27
2086 1837 15
2086 1863 14
2087 359 7
2087 557 29
2087 639 2
2087 1000 20
2087 2201 4
2088 456 17
2088 1010 29
2088 1160 11
2088 2380 12
2090 923 25
2090 2563 30
2090 2596 27
2090 2916 1
2091 432 24
2091 652 2
2091 672 2
2091 1352 20
2091 1986 17
2091 2240 17
2091 2639 10
2092 50 16
2092 257 8
2092 1681 5
2092 2105 20
2092 2327 11
2093 528 1
2093 578 21
2093 2312 11
2094 819 19
2094 1328 5
2094 2595 16
2095 132 17
2095 2988 25
2096 1286 17
2096 2704 6
2097 183 28
2097 770 25
2097 2320 5
2097 2527 30
2098 1448 6
2098 2912 29
2099 1219 29
2100 2634 2
2102 2095 22
2103 1089 15
2103 2068 25
2104 625 15
2104 914 4
2104 2434 12
2104 2986 2
2105 70 5
2105 815 27
2105 2198 9
2106 1236 10
2106 2742 16
2106 2747 11
2106 2803 2
2107 503 28
2107 1243 13
2107 2410 21
2107 2506 24
2108 1961 28
2108 2056 29
2109 212 19
2109 2003 6
2110 2018 5
2110 2070 8
2111 1329 30
2113 1243 1
2113 2873 30
2113 2941 5
2115 692 21
2115 1335 28
2115 1843 7
2115 2002 4
2115 2533 4
2116 1392 23
2116 1416 19
2116 1656 8
2117 523 4
2117 555 20
2117 1017 4
2117 1107 23
2117 1312 20
2117 1345 13
2117 1398 30
2117 1744 30
2117 1843 15
2118 1381 28
2118 1441 12
2118 2652 27
2118 2741 21
2119 16 1
2119 451 25
2119 2923 1
2120 229 6
2120 2569 21
2121 2471 1
2121 2838 5
2122 950 21
2122 2417 30
2122 2485 1
2122 2838 4
2123 1304 19
2123 2225 29
2123 2366 7
2124 494 23
2125 364 22
2125 878 25
2125 1197 22
2125 1261 17
2125 1334 6
2126 23 25
2126 330 1
2126 701 25
2126 728 30
2126 2653 1
2126 2686 16
2127 89 6
2127 404 20
2127 489 19
2127 1818 2
2128 1905 2
2128 2291 19
2129 927 18
2129 1376 3
2129 2553 16
2129 2988 9
2130 664 3
2130 1443 12
2131 464 21
2131 1422 24
2131 1842 13
2132 349 24
2132 1773 12
2132 2231 3
2132 2810 1
2133 1635 26
2133 2100 24
2134 139 17
2134 310 9
2134 1221 3
2134 1297 23
2135 1548 26
2135 2767 3
2136 238 9
2136 269 25
2137 1042 25
2137 1216 25
2137 1520 30
2137 2399 14
2138 1986 5
2138 2212 23
2138 3000 8
2139 484 24
2139 703 10
2139 1258 10
2140 820 1
2140 2112 18
2140 2513 4
2141 118 13
2142 1876 9
2142 1970 19
2142 2201 17
2143 1366 2
2143 1637 30
2143 2576 19
2143 2883 24
2144 870 18
2144 1519 5
2144 2763 3
2145 2797 26
2146 426 29
2146 776 25
2146 1784 21
2147 707 1
2147 1731 25
2147 2760 7
2149 546 26
2149 1279 19
2149 2470 28
2149 2773 1
2150 2192 16
2151 1119 20
2151 2543 8
2152 313 1
2152 925 30
2152 2537 9
2153 1264 1
2154 673 9
2154 2379 4
2154 2726 5
2156 2296 9
2156 2559 22
2156 2941 21
2157 41 3
2157 916 14
2157 1484 2
2157 2039 26
2158 529 1
2158 871 28
2158 1856 28
2159 372 18
2159 750 26
2159 814 14
2159 899 1
2159 1238 18
2160 9 9
2160 956 7
2160 991 5
2160 2334 19
2161 2960 5
2162 2017 6
2163 608 4
2163 1659 16
2163 2002 5
2164 210 4
2164 2911 7
2165 1577 14
2165 2500 27
2166 1089 16
2166 2296 9
2167 52 1
2167 2745 24
2168 941 1
2168 1050 14
2168 1325 26
2168 2252 6
2168 2495 7
2169 1710 14
2170 70 6
2170 177 4
2170 279 3
2170 462 15
2170 601 21
2170 835 9
2170 2440 15
2171 1854 8
2171 2894 9
2172 667 14
2172 1944 13
2172 2279 27
2173 636 10
2173 2733 18
2173 2780 23
2174 1319 25
2174 1986 14
2174 2957 18
2174 2961 24
2175 602 19
2175 986 14
2175 2320 1
2175 2910 28
2176 1391 7
2176 1721 24
2176 2246 20
2176 2642 12
2177 752 12
2177 2453 25
2178 47 18
2178 664 17
2179 498 22
2179 682 13
2179 2540 19
2179 2614 6
2180 597 3
2180 2173 19
2181 1524 13
2181 1641 10
2181 2094 27
2181 2751 26
2181 2950 22
2182 573 16
2182 687 27
2183 1372 1
2183 2391 8
2184 1851 13
2184 2367 7
2184 2570 17
2185 1142 6
2186 200 25
2186 1227 23
2186 1470 6
2188 2406 14
2189 792 21
2189 1347 22
2189 2626 3
2190 273 2
2190 2385 25
2191 684 19
2191 710 19
2191 1423 11
2191 1671 10
2191 1894 1
2191 2619 21
2191 2798 8
2191 2958 3
2192 2908 10
2192 2986 20
2193 237 4
2193 2700 28
2194 15 7
2194 2018 18
2194 2180 13
2195 184 3
2195 205 18
2195 336 12
2195 1160 7
2195 2012 16
2196 617 29
2196 1252 13
2196 2917 11
2197 933 21
2197 960 10
2198 663 24
2199 1689 11
2199 2787 1
2200 93 19
2200 2785 4
2201 1463 25
2201 1479 7
2201 2089 22
2202 2104 27
2202 2193 17
2202 2597 14
2202 2645 10
2203 461 16
2203 1632 8
2203 1689 11
2204 88 5
2205 1144 11
2205 2469 8
2206 617 3
2206 2756 28
2207 195 21
2207 1071 5
2207 1801 8
2209 2537 2
2210 96 11
2210 1729 15
2210 1914 22
2210 1926 15
2211 2835 25
2212 1138 4
2212 2542 25
2213 1933 11
2213 2468 6
2213 2872 25
2214 2046 21
2214 2892 9
2215 662 12
2215 1806 27
2216 413 22
2216 1221 30
2216 1437 5
2217 619 5
2217 1817 9
2218 2099 20
2218 2509 4
2218 2718 19
2219 1417 16
2220 842 7
2220 939 27
2220 1366 18
2221 325 4
2221 467 9
2221 722 14
2221 1289 3
2221 1810 2
2222 53 25
2222 533 10
2222 734 24
2222 880 1
2222 1370 4
2222 2301 19
2222 2859 25
2223 1915 6
2223 2545 25
2224 685 12
2224 1619 26
2224 2578 25
2225 1719 23
2225 1806 15
2225 1886 17
2225 2137 22
2226 420 11
2226 1523 13
2226 2389 23
2227 1975 23
2228 563 17
2228 795 11
2229 1304 8
2229 1597 23
2229 1801 7
2229 2170 26
2229 2549 18
2230 1288 7
2230 1589 9
2230 1685 13
2230 2708 9
2231 2473 25
2232 901 22
2232 1871 24
2232 2328 26
2233 1280 17
2233 1549 12
2233 2181 12
2234 770 15
2234 1197 6
2234 2687 23
2235 135 2
2236 58 1
2236 476 7
2236 616 16
2236 742 9
2236 947 21
2237 1048 19
2238 2473 21
2239 849 13
2239 947 11
2239 1405 29
2241 991 15
2241 1179 18
2241 1624 21
2242 1005 14
2242 1125 5
2242 1197 1
2242 1558 20
2242 2643 6
2242 2913 5
2243 1902 20
2243 2922 30
2244 1417 26
2244 2157 13
2244 2714 17
2245 284 4
2245 2287 25
2247 965 21
2247 2776 18
2248 808 22
2248 2143 13
2248 2504 20
2248 2651 14
2249 211 12
2249 385 27
2249 1120 22
2249 1871 24
2249 2533 15
2250 62 5
2250 802 28
2250 1337 25
2250 2646 3
2250 2672 12
2251 219 5
2251 1618 16
2251 2084 25
2251 2753 9
2252 792 8
2252 1070 7
2252 1930 14
2253 58 12
2253 422 26
2253 549 6
2253 1480 29
2253 2549 9
2254 1073 14
2254 1114 2
2254 1195 25
2254 1765 4
2254 2461 20
2255 1034 16
2255 1607 9
2255 1994 1
2256 2601 30
2257 114 20
2257 224 27
2257 1622 13
2257 2317 13
2258 611 4
2258 722 9
2258 1747 10
2258 1901 28
2258 2360 12
2260 281 13
2260 2823 2
2261 1099 19
2261 2200 8
2263 770 3
2263 944 26
2263 1410 14
2263 1847 8
2264 447 29
2264 1004 9
2264 2004 13
2265 797 27
2265 1422 9
2266 697 27
2266 1102 28
2266 2211 3
2267 92 22
2267 772 9
2267 1018 19
2267 1423 30
2267 2398 9
2267 2751 10
2268 1083 19
2268 2014 28
2269 2 14
2269 287 23
2269 536 1
2269 1731 23
2269 2479 24
2270 1628 28
2270 2430 26
2271 2718 7
2272 2473 22
2273 1895 6
2274 434 14
2274 2475 16
2275 1511 23
2276 14 19
2276 482 23
2276 601 21
2276 1245 19
2276 2127 28
2276 2347 17
2277 116 28
2277 1251 16
2277 1330 6
2277 1727 30
2278 2178 7
2278 2450 15
2279 596 10
2279 1227 7
2279 2096 15
2279 2769 19
2279 2878 17
2280 1537 12
2280 2789 25
2281 141 2
2281 150 12
2281 1256 17
2281 1872 25
2281 2181 2
2282 1750 4
2283 1725 23
2283 1995 15
2284 35 9
2284 2787 28
2285 622 30
2285 2561 1
2286 119 16
2286 209 14
2286 620 13
2286 818 5
2286 1880 11
2287 515 21
2287 960 24
2287 1248 26
2287 2452 26
2287 2822 23
2288 46 25
2288 422 2
2288 1290 3
2288 2068 23
2288 2756 17
2288 2852 13
2289 160 9
2289 1739 28
2289 2955 7
2290 766 2
2290 862 2
2290 2913 15
2291 2405 19
2292 1256 3
2292 1559 10
2292 1827 11
2292 2355 17
2293 157 18
2293 979 9
2293 1283 8
2293 1692 10
2293 1870 16
2294 2120 21
2294 2704 14
2295 1336 20
2296 406 24
2296 805 4
2297 1536 5
2298 328 19
2298 1734 30
2298 1950 28
2298 2028 5
2298 2779 1
2298 2863 22
2300 120 27
2300 1828 17
2300 2067 4
2301 475 6
2302 583 7
2302 2523 11
2304 190 29
2304 695 8
2304 1217 17
2304 2255 17
2305 1122 2
2306 2907 27
2307 2561 28
2308 148 10
2308 805 6
2308 2222 6
2308 2391 17
2308 2776 8
2310 1180 13
2311 685 29
2311 987 21
2311 1192 3
2312 2696 22
2313 1064 25
2313 1535 29
2313 1568 3
2313 1975 16
2314 1741 26
2315 118 7
2315 1404 16
2315 2795 17
2316 1644 4
2316 2098 25
2317 2315 21
2318 341 1
2319 235 23
2320 298 23
2320 354 29
2320 510 22
2320 839 1
2320 911 16
2320 1521 23
2320 2757 27
2321 227 5
2321 337 24
2321 461 3
2321 1038 2
2321 2538 10
2322 1798 10
2322 1924 14
2323 84 30
2323 511 22
2323 824 8
2323 2334 22
2323 2543 16
2323 2718 7
2324 840 24
2326 16 1
2326 1539 2
2326 2032 30
2326 2674 9
2327 108 11
2327 692 25
2328 1982 25
2328 2251 23
2329 1027 25
2329 2081 9
2329 2985 15
2330 236 24
2330 410 30
2330 893 7
2330 1467 1
2330 1805 14
2331 1663 4
2331 2076 27
2331 2343 7
2331 2386 28
2332 1180 28
2333 674 8
2333 725 29
2333 2297 11
2333 2951 7
2334 45 20
2334 379 19
2334 1704 28
2335 728 28
2335 759 25
2335 1107 13
2335 1144 28
2335 1744 18
2336 1131 5
2336 1781 28
2336 1919 20
2336 2013 29
2336 2238 14
2337 584 12
2337 1834 16
2338 665 22
2338 1092 18
2338 1664 1
2338 1986 21
2339 583 25
2339 1356 1
2340 672 4
2340 2806 20
2340 2841 27
2341 1681 10
2341 2854 17
2343 533 16
2343 2230 17
2343 2990 7
2344 105 26
2344 311 16
2344 501 18
2344 1141 6
2344 2262 13
2345 1098 15
2346 655 22
2346 869 18
2346 1030 5
2346 1535 2
2347 671 14
2347 1005 2
2347 1539 21
2348 2864 12
2349 1148 16
2349 2377 3
2350 963 19
2350 2125 29
2351 844 20
2351 2079 19
2351 2543 20
2351 2783 6
2352 789 11
2352 1138 15
2353 99 25
2353 748 29
2354 750 25
2354 2410 3
2354 2565 14
2355 405 3
2356 687 9
2358 1062 2
2358 1425 18
2358 1560 27
2358 1594 7
2358 2344 23
2359 342 3
2359 844 21
2359 1856 2
2360 933 7
2360 1072 22
2360 2284 15
2361 2005 1
2362 428 12
2362 1243 18
2363 1786 16
2364 120 6
2364 450 7
2364 2198 6
2365 558 18
2365 1400 17
2366 1668 25
2366 1817 23
2366 2974 28
2367 27 10
2367 688 10
2367 2861 26
2368 264 26
2368 1027 12
2369 171 2
2369 1823 20
2369 1955 13
2369 1988 25
2369 2414 30
2370 190 9
2370 648 1
2370 726 22
2370 1925 11
2370 2239 13
2370 2851 15
2371 93 10
2372 519 4
2372 533 29
2372 1500 10
2372 1876 8
2372 2246 16
2372 2561 17
2372 2906 5
2374 977 14
2374 2412 22
2374 2609 22
2374 2966 1
2375 197 17
2375 290 7
2375 613 20
2376 645 18
2376 838 16
2376 1119 7
2376 2619 5
2376 2745 27
2377 547 8
2377 1032 16
2377 1803 9
2377 2999 24
2378 1814 15
2380 82 9
2380 870 25
2380 1570 28
2381 1393 12
2382 77 29
2382 698 12
2382 759 13
2382 2668 25
2383 871 10
2384 2666 22
2384 2901 2
2385 2636 18
2386 317 8
2387 2289 28
2388 517 23
2388 1125 29
2388 1608 20
2388 2198 15
2389 336 7
2389 653 26
2389 1598 4
2389 1881 16
2390 396 3
2390 1373 11
2390 1986 12
2390 2866 29
2391 1062 10
2392 1723 28
2392 2046 30
2392 2700 4
2393 2049 12
2393 2332 30
2393 2792 20
2394 1286 10
2395 1721 3
2397 218 10
2397 656 13
2398 1099 15
2398 1632 4
2399 1416 23
2399 2444 6
2400 55 5
2400 1105 2
2401 741 5
2401 1432 25
2401 2226 16
2401 2471 26
2402 1059 14
2402 1785 1
2403 1990 2
2403 2949 1
2404 657 4
2404 2499 10
2404 2811 3
2405 284 6
2405 607 21
2405 1280 23
2405 2806 8
2407 1192 18
2408 22 22
2408 1333 3
2408 1517 22
2408 2024 14
2408 2420 14
2409 508 1
2409 570 16
2409 1364 23
2409 2072 13
2410 211 23
2410 2425 27
2411 1418 27
2411 1537 28
2412 403 23
2412 1653 20
2412 2585 25
2413 1147 17
2413 2289 6
2413 2620 20
2414 670 22
2414 743 6
2414 1986 13
2415 1097 22
2416 136 1
2416 484 22
2416 2397 16
2417 37 29
2417 669 13
2417 2166 9
2418 976 28
2418 1756 22
2418 2626 22
2419 2977 30
2420 1008 13
2420 2702 5
2421 737 5
2421 766 5
2421 1224 13
2421 1228 27
2421 2812 10
2422 316 5
2422 753 23
2422 1966 6
2422 2276 24
2422 2448 8
2422 2813 18
2423 12 18
2423 2895 24
2424 473 23
2424 787 7
2424 1388 16
2424 2027 20
2425 795 12
2425 869 29
2426 142 12
2427 2326 3
2427 2629 15
2428 929 2
2428 2484 7
2428 2647 23
2429 2095 29
2432 240 21
2432 1098 6
2432 1229 20
2432 1383 3
2432 1448 11
2433 726 24
2433 1724 30
2433 2409 23
2434 1136 21
2434 1251 9
2434 1896 19
2435 1470 5
2436 1982 14
2437 1872 12
2438 1774 12
2438 2540 23
2438 2906 22
2439 784 6
2442 2012 15
2443 923 20
2443 2679 13
2443 2850 26
2443 2966 1
2444 1115 11
2444 1379 30
2444 1766 26
2445 1719 17
2446 184 1
2446 646 2
2446 1435 9
2447 2585 22
2448 395 22
2448 889 15
2448 1571 11
2449 57 17
2449 215 17
2449 1487 5
2450 430 16
2450 710 1
2450 1438 17
2450 1681 24
2450 1687 19
2450 2382 13
2451 1113 29
2451 2458 22
2452 2443 25
2452 2658 22
2453 730 13
2453 1967 22
2454 1496 28
2454 1835 25
2455 1696 4
2455 2996 16
2456 1934 25
2456 2225 6
2456 2265 15
2457 72 12
2457 860 23
2457 2211 7
2458 894 14
2458 1432 23
2458 2944 28
2459 1917 27
2459 2712 29
2459 2754 9
2461 1223 5
2461 2423 7
2463 191 5
2463 1797 12
2463 2070 7
2464 1225 13
2464 2721 5
2464 2803 17
2465 614 25
2465 725 26
2465 946 9
2466 109 19
2466 1433 9
2466 1852 13
2466 2182 2
2467 1565 28
2468 287 7
2468 302 27
2468 2943 5
2469 860 24
2469 919 25
2469 1149 19
2469 1290 5
2469 1525 17
2469 2537 26
2469 2679 10
2469 2820 1
2470 1120 23
2470 2549 29
2470 2791 22
2471 958 23
2471 982 3
2471 2170 28
2472 871 19
2473 1677 15
2473 2306 5
2474 1254 1
2474 1329 11
2474 2017 21
2475 2050 26
2476 90 28
2476 2985 21
2477 2396 6
2477 2800 6
2478 1233 4
2479 1333 30
2480 912 26
2481 205 2
2482 1906 26
2482 2442 30
2483 980 17
2483 1091 20
2484 1845 11
2485 1007 22
2485 2638 28
2485 2821 6
2486 1465 23
2486 2097 29
2488 106 20
2488 1999 21
2489 681 20
2490 110 5
2490 1025 16
2490 1282 17
2490 2351 23
2490 2535 30
2490 2616 13
2491 1077 24
2491 2428 2
2491 2725 4
2492 991 11
2492 2473 30
2492 2878 16
2492 2931 8
2493 696 27
2493 713 19
2493 966 7
2494 1811 22
2494 2448 13
2495 201 3
2495 363 14
2495 880 29
2495 2333 14
2495 2542 24
2495 2566 12
2496 790 12
2496 1034 21
2497 1983 5
2497 2691 2
2498 2949 2
2499 1158 17
2499 2240 13
2500 63 6
2500 566 2
2500 1204 21
2500 1765 29
2500 2174 23
2501 1031 4
2502 1841 22
2503 313 17
2503 1488 29
2504 625 24
2504 914 16
2504 1283 14
2505 957 1
2505 1804 4
2505 2579 25
2506 10 8
2507 277 18
2507 1530 29
2507 2301 2
2507 2875 1
2508 253 27
2508 788 15
2508 823 16
2508 1274 9
2508 1769 26
2509 1465 6
2509 2281 5
2509 2374 19
2509 2858 7
2510 809 13
2510 1929 1
2510 2024 13
2510 2513 15
2511 304 14
2511 1609 3
2511 2487 29
2512 110 17
2512 454 16
2512 2366 15
2512 2732 7
2513 186 9
2513 1157 22
2513 1847 12
2514 1291 9
2514 2727 26
2514 2888 6
2515 1508 16
2515 2508 13
2516 1703 4
2516 1764 17
2517 365 5
2517 444 23
2517 884 2
2517 1544 20
2517 2358 23
2517 2924 19
2518 171 17
2518 275 19
2518 626 30
2518 2001 15
2518 2816 1
2519 481 30
2519 1533 27
2519 1742 15
2519 2973 13
2520 480 21
2520 1674 6
2520 1886 21
2520 2980 6
2521 226 20
2521 592 27
2522 405 14
2522 1495 12
2522 1798 1
2523 1688 23
2523 1901 29
2523 1990 28
2523 2878 30
2524 1108 3
2525 592 2
2526 511 9
2526 1412 7
2526 1866 16
2526 2016 10
2526 2973 18
2528 456 8
2528 1216 20
2528 1750 4
2528 1995 26
2528 2225 19
2528 2409 18
2528 2614 26
2528 2799 11
2529 1137 7
2529 1728 3
2530 1498 15
2531 773 19
2531 1577 8
2532 92 28
2532 505 25
2532 1040 19
2532 2454 16
2532 2951 8
2533 652 22
2533 661 16
2533 2528 22
2533 2529 12
2534 222 14
2534 493 22
2534 946 14
2534 1674 7
2535 722 30
2535 1008 12
2535 1429 22
2535 2985 1
2536 277 29
2536 1111 21
2536 1942 12
2536 2339 24
2536 2575 8
2537 490 23
2537 1666 4
2537 2314 25
2538 547 25
2538 1940 10
2539 6 27
2539 2371 9
2539 2745 28
2540 1 26
2541 1995 28
2542 2831 14
2543 137 7
2543 1503 14
2543 1894 22
2544 17 20
2544 2466 29
2545 834 5
2545 1512 2
2545 1780 4
2545 2532 18
2546 2104 15
2546 2451 10
2547 502 9
2548 99 27
2549 2912 23
2550 1121 1
2550 1543 25
2550 2399 5
2550 2735 13
2551 863 11
2551 1250 12
2551 2289 5
2552 194 14
2552 496 7
2553 1165 29
2554 163 15
2554 1732 25
2554 1780 29
2554 1893 4
2554 1908 13
2554 2956 27
2555 1168 18
2555 1417 19
2555 2082 2
2555 2372 1
2556 552 8
2557 390 30
2558 1901 5
2559 900 1
2559 1174 26
2559 2406 15
2559 2833 16
2560 580 27
2560 1626 23
2560 1786 4
2560 2940 20
2560 2950 24
2561 1485 20
2562 1554 24
2562 1730 6
2562 1970 30
2563 524 28
2563 1550 2
2563 2280 13
2564 10 26
2564 1100 22
2565 114 27
2565 2396 20
2565 2917 12
2566 1950 23
2566 2209 24
2566 2247 8
2567 1042 10
2567 2266 4
2568 1192 9
2568 1431 10
2568 1569 4
2568 1773 1
2569 2160 6
2569 2361 4
2570 1408 18
2570 1938 20
2570 2160 11
2571 1142 14
2571 2372 5
2572 574 14
2572 737 3
2572 1183 28
2572 1185 4
2572 1955 19
2573 1109 25
2573 1227 3
2574 694 8
2574 1741 18
2575 948 8
2575 1003 3
2576 199 9
2576 1036 4
2577 604 14
2578 234 20
2578 1532 26
2578 2180 8
2578 2972 20
2579 1272 27
2579 2093 3
2579 2528 20
2579 2591 28
2580 1709 6
2580 2975 12
2581 596 4
2581 2830 2
2582 429 29
2582 869 15
2582 1175 12
2582 2487 13
2583 183 11
2583 1125 26
2583 1862 7
2584 234 8
2584 593 29
2585 252 17
2585 443 24
2585 832 1
2585 892 24
2585 1125 11
2585 2869 8
2586 655 26
2586 1530 11
2586 2343 4
2587 929 10
2588 1614 23
2588 1650 21
2588 1906 9
2588 2615 4
2589 1457 10
2590 15 11
2590 868 23
2590 1742 7
2590 1803 9
2590 1862 5
2590 1873 2
2590 2727 10
2591 1481 25
2591 2403 9
2592 1493 21
2593 973 29
2594 1991 19
2594 2509 16
2595 1410 6
2595 2398 19
2596 811 14
2596 1386 14
2597 518 12
2597 554 7
2597 702 8
2598 50 15
2598 704 6
2599 1959 25
2600 459 25
2600 1186 1
2600 2293 4
2600 2684 9
2601 1836 14
2602 1056 4
2603 53 12
2603 1262 23
2603 1985 15
2603 2508 5
2604 814 21
2606 335 23
2606 359 1
2606 488 15
2606 1341 2
2606 2490 17
2606 2938 23
2608 1181 14
2609 2925 16
2610 1696 11
2610 2514 30
2610 2804 21
2611 1859 21
2611 2475 5
2611 2518 4
2611 2610 3
2612 959 3
2612 2791 3
2612 2867 9
2612 2919 9
2613 76 28
2613 302 25
2613 306 1
2613 948 23
2613 2832 4
2614 867 6
2614 1278 27
2614 1442 15
2614 1466 28
2614 2722 3
2615 566 11
2615 713 11
2615 1277 17
2616 1073 11
2616 1559 25
2617 866 18
2617 2632 28
2617 2647 17
2618 59 1
2618 769 13
2618 2552 19
2619 668 22
2619 890 25
2619 945 2
2619 1237 27
2619 1852 20
2619 2348 26
2620 547 29
2620 2985 23
2621 308 4
2621 486 29
2621 785 12
2621 1146 28
2621 1405 22
2623 843 4
2623 2020 1
2623 2684 27
2624 292 30
2625 589 16
2625 1403 17
2625 1756 24
2625 2057 18
2626 1359 27
2626 1890 10
2628 1168 29
2629 1393 21
2629 2645 19
2630 503 18
2630 706 29
2630 1088 12
2630 2373 22
2630 2682 9
2630 2759 3
2631 2505 8
2632 97 10
2632 2730 21
2633 259 19
2633 710 5
2633 1612 20
2634 1137 3
2634 1239 30
2634 1959 10
2634 2961 14
2635 988 28
2635 2049 1
2635 2581 18
2636 1749 20
2636 2719 28
2637 293 9
2637 2132 5
2637 2518 14
2638 2400 25
2639 190 15
2639 1101 2
2639 2072 4
2640 212 13
2640 1106 14
2640 1236 23
2640 1237 22
2640 1525 4
2640 1911 4
2642 101 5
2642 192 12
2642 725 28
2642 806 12
2642 2746 14
2643 1331 19
2643 1794 22
2643 2878 10
2643 2935 30
2644 300 25
2644 1359 10
2644 1362 9
2644 1657 8
2644 2368 29
2645 888 2
2646 2537 17
2646 2539 18
2647 33 21
2647 163 18
2647 668 15
2647 2234 26
2648 612 12
2649 513 29
2649 1995 27
2649 2387 15
2649 2444 3
2650 554 2
2650 2526 29
2651 237 16
2651 776 5
2651 1601 2
2651 2060 20
2652 1259 8
2652 2742 30
2653 119 23
2653 471 13
2653 1649 10
2653 2588 14
2654 521 23
2654 1324 9
2654 1393 8
2654 1757 24
2654 2318 17
2655 1261 16
2656 1857 14
2656 2450 10
2656 2998 24
2657 1330 1
2657 1539 30
2657 2348 11
2657 2449 7
2658 499 25
2658 2176 22
2659 2681 5
2660 394 13
2660 1397 29
2660 1402 29
2660 1513 14
2660 1997 27
2660 2440 14
2661 716 10
2661 2068 21
2662 260 25
2663 950 18
2663 1206 12
2664 1225 17
2664 2182 30
2665 290 21
2665 986 1
2666 160 14
2666 723 29
2666 2912 30
2667 1434 29
2667 1865 7
2667 2360 7
2667 2416 12
2668 2360 9
2669 402 1
2669 2124 5
2669 2262 8
2670 1603 3
2670 2008 11
2670 2685 25
2670 2763 17
2671 1142 8
2672 1378 29
2672 1501 15
2673 1074 6
2673 1384 5
2674 333 3
2674 425 12
2674 1347 14
2674 2135 15
2675 778 6
2675 1745 23
2675 2605 26
2675 2783 23
2676 155 23
2676 2870 8
2677 1123 15
2681 604 28
2681 1771 28
2681 2362 14
2682 239 27
2682 1034 27
2683 1955 21
2683 2169 30
2683 2583 5
2683 2765 13
2684 189 4
2684 1300 4
2684 2565 15
2685 908 15
2685 960 28
2685 1010 1
2686 716 14
2686 850 19
2686 1518 7
2687 2257 19
2688 348 23
2688 438 2
2688 841 30
2688 2700 28
2689 617 16
2689 928 28
2689 1398 21
2689 1817 4
2689 2860 20
2689 2977 5
2690 1708 11
2690 2402 26
2691 759 24
2691 1242 1
2692 747 9
2692 799 20
2692 2194 27
2692 2716 21
2693 929 20
2694 2213 1
2694 2838 25
2695 743 23
2695 2402 26
2697 224 10
2697 1341 29
2697 1721 16
2697 2720 2
2698 227 12
2698 1320 4
2698 1576 9
2699 676 23
2700 159 18
2701 160 2
2701 710 14
2701 1948 7
2701 2284 17
2701 2697 11
2701 2953 27
2702 434 20
2702 493 22
2702 696 23
2702 1737 23
2702 2201 17
2702 2726 17
2703 666 23
2704 863 18
2704 876 28
2704 1684 11
2704 1777 8
2704 2539 9
2704 2864 3
2705 123 3
2705 408 24
2705 1000 28
2705 1176 4
2705 2028 22
2705 2429 13
2705 2464 27
2705 2781 26
2706 1427 8
2706 1593 27
2706 1837 10
2707 1627 25
2707 2845 28
2708 919 15
2708 1176 2
2708 1976 15
2708 2150 26
2709 591 20
2709 2466 26
2709 2515 9
2709 2934 5
2710 286 18
2710 2333 18
2710 2818 13
2711 584 2
2711 1709 5
2711 2734 10
2712 658 12
2712 2101 4
2712 2725 11
2713 141 6
2713 913 28
2713 2229 4
2713 2644 4
2714 381 23
2714 711 17
2714 2095 8
2714 2568 20
2715 549 4
2715 571 16
2715 625 16
2715 2379 13
2716 559 10
2717 71 14
2717 1301 28
2717 1324 3
2717 2069 28
2717 2557 15
2718 1010 15
2718 1459 15
2718 1756 23
2719 2286 19
2719 2606 3
2719 2843 10
2720 35 1
2720 748 4
2720 901 6
2720 1897 2
2720 1982 8
2721 1997 10
2722 1607 12
2723 2225 13
2724 1034 29
2724 1160 7
2724 1428 8
2724 1966 22
2724 1996 24
2725 1614 16
2726 183 11
2726 221 27
2726 842 1
2726 2328 18
2726 2381 2
2727 2070 2
2728 69 1
2728 726 29
2728 1197 5
2728 1255 20
2728 1446 5
2728 1718 19
2729 262 5
2729 2363 19
2730 1840 29
2731 505 29
2731 1520 21
2731 1760 29
2731 2140 24
2732 222 26
2732 497 22
2732 1397 1
2732 1835 27
2733 132 4
2733 226 6
2733 1368 26
2734 1202 10
2735 58 13
2735 1093 9
2735 1453 25
2736 252 28
2736 2917 11
2737 574 22
2737 1250 20
2737 1706 28
2737 2802 15
2739 1548 22
2739 2282 29
2739 2331 5
2740 997 18
2740 1571 10
2740 2478 9
2741 1534 28
2742 1524 6
2742 1796 27
2742 2226 26
2743 1677 4
2743 2705 17
2743 2969 16
2744 1044 28
2744 1753 5
2744 2530 7
2744 2711 20
2745 824 1
2745 837 2
2745 887 17
2745 1476 18
2745 1591 4
2745 2301 30
2746 1200 26
2747 1841 28
2747 2897 19
2748 827 6
2748 2086 11
2748 2564 1
2749 583 26
2750 1731 25
2750 1829 14
2750 1935 16
2750 2819 29
2751 588 1
2751 1442 25
2751 2335 29
2752 2217 28
2752 2652 1
2753 770 18
2753 1141 15
2753 1742 26
2753 1748 4
2754 1321 30
2754 1892 15
2755 2146 30
2755 2959 28
2756 927 27
2756 1097 1
2756 1809 30
2756 1988 13
2756 2023 10
2756 2664 3
2757 898 4
2757 2981 6
2758 639 22
2758 965 23
2758 1566 3
2758 2450 25
2759 164 15
2759 622 28
2759 683 19
2759 1443 28
2760 670 13
2760 1277 10
2760 1311 28
2760 1341 30
2760 1830 30
2761 350 17
2761 525 22
2761 1375 17
2762 413 23
2762 1160 9
2762 1400 13
2763 91 22
2763 1163 24
2763 2011 12
2764 1001 11
2764 2046 20
2765 1195 12
2765 1384 10
2766 237 2
2766 439 22
2766 1840 4
2767 2352 6
2768 2241 19
2768 2374 18
2769 1125 20
2769 1399 13
2769 2562 12
2769 2803 4
2770 1309 3
2770 1756 22
2770 2026 23
2771 2829 7
2772 894 23
2774 1548 20
2774 2428 6
2774 2484 23
2775 2206 28
2775 2239 19
2776 899 9
2777 653 20
2777 2632 28
2777 2655 21
2778 2783 3
2778 2849 21
2778 2924 3
2779 599 13
2779 1485 2
2780 1283 6
2780 1528 15
2780 2341 3
2781 2701 19
2782 884 10
2782 2992 30
2783 1999 29
2784 735 27
2784 1901 11
2785 105 12
2785 1921 30
2785 2651 6
2785 2994 14
2786 124 22
2786 2678 28
2787 89 12
2787 223 14
2787 499 9
2787 1038 18
2788 2044 6
2788 2315 6
2789 407 28
2789 1014 7
2789 2544 17
2790 1329 25
2790 1797 19
2790 2253 11
2791 295 7
2791 1533 21
2792 1916 24
2794 573 8
2794 846 19
2794 1965 30
2795 2263 3
2796 4 7
2796 573 1
2796 1693 24
2796 2530 28
2797 2260 20
2797 2457 5
2797 2614 9
2798 548 19
2799 1191 2
2800 118 14
2800 641 10
2800 981 30
2801 842 25
2801 1377 16
2801 1400 8
2801 2400 4
2802 323 13
2802 1863 6
2803 743 24
2803 829 19
2803 1720 22
2804 159 18
2804 2783 8
2805 1290 3
2805 2577 17
2805 2932 20
2806 1154 18
2808 827 16
2809 1518 30
2809 2567 9
2810 594 10
2810 595 29
2810 1836 9
2810 2447 4
2810 2584 26
2810 2723 28
2811 306 30
2811 361 26
2811 697 17
2811 812 1
2811 1235 1
2812 955 18
2812 1657 22
2812 2567 17
2812 2949 25
2813 276 30
2813 402 13
2813 2423 8
2814 1819 5
2814 2272 6
2814 2551 18
2814 2949 18
2815 644 15
2816 416 17
2816 677 20
2816 2231 1
2816 2719 29
2817 352 29
2817 602 9
2817 1235 28
2817 1771 7
2817 2924 18
2818 1027 26
2818 2642 8
2819 193 13
2819 602 13
2819 2285 5
2819 2883 4
2820 260 8
2820 1114 13
2820 2125 27
2821 176 8
2821 2982 23
2822 947 18
2822 2344 25
2822 2358 17
2822 2378 17
2823 823 7
2823 939 16
2823 1055 13
2823 1387 4
2823 2374 26
2824 1960 1
2825 1730 18
2825 2486 4
2826 1156 12
2827 2208 11
2827 2598 2
2828 111 3
2828 1644 19
2828 1920 22
2828 2187 1
2829 1369 28
2830 1621 9
2831 1001 8
2832 1359 11
2832 1592 22
2832 2259 5
2832 2515 6
2833 290 21
2833 1213 17
2833 2321 2
2834 72 21
2834 768 9
2834 1318 20
2834 1366 7
2834 1440 18
2834 1491 28
2834 2307 5
2834 2389 3
2835 31 3
2835 2014 8
2835 2910 20
2836 112 25
2836 1333 25
2837 1239 24
2838 229 28
2838 2268 5
2839 1482 17
2839 2916 30
2840 28 15
2840 272 8
2840 1227 1
2840 1712 13
2840 2679 9
2841 131 30
2841 959 15
2841 2513 22
2842 84 4
2843 521 20
2843 779 12
2843 998 13
2843 2849 14
2844 129 24
2844 1147 13
2844 1261 25
2844 2133 30
2844 2613 30
2844 2996 22
2845 683 4
2846 1878 25
2846 2025 16
2846 2543 3
2846 2834 14
2847 502 10
2847 1744 28
2848 1014 29
2848 1136 8
2848 1625 24
2848 1718 16
2848 2087 7
2849 51 9
2849 1622 15
2849 1922 29
2849 2348 13
2850 489 23
2850 2206 29
2851 65 27
2851 179 14
2851 1843 24
2852 576 8
2852 753 18
2852 2698 6
2853 1741 21
2853 2692 3
2853 2703 19
2854 133 15
2854 282 3
2854 2028 10
2854 2397 29
2854 2991 28
2855 1279 4
2855 2455 14
2855 2548 1
2856 2300 10
2856 2828 24
2857 867 28
2857 1273 8
2858 205 23
2858 1381 13
2860 136 15
2860 733 21
2861 1161 13
2861 1645 30
2861 1927 12
2861 2200 25
2861 2243 14
2862 656 10
2862 1457 13
2862 2705 28
2863 314 25
2863 1062 21
2864 1702 7
2864 2841 23
2865 247 3
2865 976 9
2865 2903 11
2866 939 18
2867 147 3
2867 314 12
2867 538 16
2867 1043 1
2867 2249 16
2867 2653 21
2867 2675 1
2868 2281 17
2869 267 6
2869 718 20
2869 2417 16
2869 2543 28
2869 2680 24
2870 646 1
2870 1367 19
2870 1817 7
2870 2256 22
2871 607 30
2872 133 23
2872 2501 5
2872 2843 1
2873 179 28
2873 2520 24
2873 2703 17
2874 889 18
2874 1444 30
2875 193 9
2875 249 20
2875 711 1
2875 1574 11
2875 1723 29
2876 1273 3
2876 2115 23
2876 2487 6
2877 2610 25
2877 2671 30
2878 44 27
2878 592 17
2878 2320 16
2879 74 2
2879 140 6
2879 1447 23
2879 1838 30
2879 2603 22
2880 243 23
2880 298 10
2880 980 28
2880 1709 14
2881 1465 1
2882 2040 12
2883 93 19
2883 333 23
2884 362 9
2885 340 4
2885 361 9
2885 431 18
2886 831 4
2886 2418 18
2886 3000 30
2887 652 26
2887 1218 20
2887 1352 28
2887 1356 20
2887 2463 12
2887 2703 4
2888 86 15
2888 778 11
2888 1015 30
2888 1100 1
2888 1451 18
2889 1228 1
2889 1696 29
2889 2185 11
2889 2341 22
2890 550 20
2891 510 25
2891 1544 23
2891 2050 9
2891 2554 1
2892 734 23
2892 745 20
2892 2049 11
2892 2273 15
2893 1176 29
2894 650 14
2894 1697 16
2894 2211 16
2894 2213 9
2895 923 25
2895 1074 15
2895 1878 4
2895 2743 14
2896 283 5
2896 583 24
2896 1058 26
2896 1429 30
2896 1669 30
2896 2922 28
2897 1696 29
2898 2630 30
2899 140 16
2899 903 21
2899 1921 20
2899 2019 18
2901 489 5
2901 2016 9
2902 774 12
2902 1091 27
2902 2092 17
2902 2269 12
2903 980 12
2903 1194 7
2903 2048 22
2903 2959 18
2904 585 27
2904 861 6
2904 1311 3
2904 1931 4
2904 1944 14
2904 2715 27
2905 1143 11
2905 1551 10
2906 1302 3
2906 2221 15
2906 2447 25
2906 2481 20
2907 311 14
2907 1103 24
2908 916 17
2908 1589 4
2908 2078 15
2908 2257 24
2908 2563 16
2909 1459 5
2910 560 11
2910 701 12
2910 819 13
2910 2042 15
2910 2237 9
2910 2451 22
2910 2580 26
2911 1624 20
2912 1476 20
2912 2337 10
2913 1393 29
2914 43 16
2914 2372 7
2914 2929 2
2915 235 19
2915 2171 12
2916 649 20
2917 649 29
2917 1613 21
2917 2947 14
2918 887 5
2918 1812 15
2919 355 3
2919 1575 10
2919 2929 8
2920 1488 20
2920 2377 13
2921 503 23
2921 2894 13
2922 347 21
2922 761 27
2922 1929 16
2922 2717 2
2923 1272 1
2923 1638 30
2924 1562 2
2924 1624 22
2925 521 17
2925 1321 13
2925 1653 11
2925 2189 26
2925 2724 12
2926 364 18
2926 801 2
2927 368 5
2927 623 7
2927 666 6
2927 689 24
2927 1944 27
2928 401 26
2928 404 8
2928 2300 2
2928 2425 11
2929 1024 10
2929 2517 3
2930 342 10
2930 470 21
2930 719 16
2930 1462 24
2931 1703 26
2931 2880 28
2932 1637 12
2933 495 3
2933 2942 29
2934 1249 13
2934 1679 2
2934 1853 23
2935 491 26
2935 2575 10
2936 1082 5
2936 2202 29
2936 2356 6
2937 223 16
2937 425 16
2938 860 29
2938 2731 12
2939 126 14
2939 529 4
2939 1636 6
2939 2403 3
2940 193 22
2940 1692 5
2941 2010 4
2941 2133 24
2942 1401 6
2943 77 6
2943 1307 3
2943 2451 19
2944 670 13
2944 2121 27
2944 2166 14
2945 398 2
2945 2461 30
2946 987 16
2947 379 23
2947 990 12
2947 2409 9
2948 423 15
2948 952 30
2948 1245 18
2948 2107 11
2948 2170 28
2948 2277 15
2949 142 19
2949 188 5
2949 932 6
2949 1550 30
2949 1846 19
2949 1945 1
2950 2539 5
2951 433 21
2952 1182 22
2954 352 1
2954 482 16
2954 935 15
2954 991 7
2954 2394 13
2955 1263 10
2955 1542 25
2955 2517 18
2956 441 28
2956 973 30
2956 1572 11
2956 2567 27
2956 2787 7
2956 3000 3
2957 220 1
2957 439 7
2957 719 17
2957 788 30
2957 1329 24
2957 1522 20
2958 305 19
2958 828 1
2958 2975 8
2959 225 23
2959 903 28
2959 1108 7
2959 2135 3
2959 2479 28
2960 736 12
2960 1509 15
2960 2955 12
2960 2985 4
2961 1623 22
2962 234 18
2962 516 2
2962 1240 27
2962 1388 19
2964 971 26
2964 1361 14
2965 200 16
2965 916 17
2965 1578 16
2965 2396 5
2965 2433 23
2965 2583 19
2966 622 5
2966 1818 21
2966 2204 27
2966 2254 4
2966 2743 15
2967 2814 16
2968 409 14
2968 495 7
2968 854 23
2968 2000 6
2969 2186 26
2969 2286 30
2970 797 1
2971 323 23
2971 1961 3
2971 2587 15
2971 2929 26
2971 2947 6
2972 93 29
2973 41 6
2973 2563 8
2973 2755 25
2974 807 24
2974 1003 25
2974 2572 30
2976 2503 10
2976 2757 4
2977 878 15
2977 1295 6
2977 2670 18
2978 94 3
2978 2489 10
2978 2573 9
2978 2996 22
2979 24 5
2979 2316 15
2980 2 7
2981 1210 18
2981 2111 13
2982 121 30
2982 638 15
2982 1989 8
2982 2158 21
2983 92 7
2983 507 30
2983 866 23
2983 890 22
2983 2240 18
2983 2288 20
2984 596 12
2984 2141 23
2984 2401 19
2984 2691 6
2985 518 16
2985 1732 6
2986 1235 27
2986 1651 17
2986 2104 9
2986 2681 11
2987 1169 22
2988 1239 18
2988 1668 6
2988 2157 23
2989 971 26
2989 1726 27
2989 2018 27
2989 2824 2
2989 2926 3
2990 80 6
2990 724 14
2990 1079 24
2990 1339 21
2990 2071 21
2991 1428 14
2991 1508 27
2991 1588 21
2991 1613 28
2993 1137 10
2993 1754 30
2993 2946 10
2994 392 13
2994 573 22
2994 943 28
2994 1868 18
2995 868 29
2995 1131 25
2995 1680 14
2995 2245 8
2995 2995 25
2996 1743 17
2996 1925 21
2996 1938 13
2996 2112 22
2996 2732 14
2996 2810 30
2997 846 18
2997 1823 10
2997 2622 2
2998 2847 12
2999 81 8
2999 309 15
2999 1621 28
2999 1731 28
2999 1758 6
2999 2866 3
3000 496 16
3000 1736 18
3000 1787 1
