30 800
1 1 3
1 2 21
1 3 20
1 4 21
1 5 23
1 6 6
1 7 10
1 8 29
1 10 25
1 11 13
1 12 15
1 15 9
1 16 25
1 17 5
1 18 22
1 20 21
1 21 30
1 22 26
1 24 12
1 25 27
1 26 16
1 27 27
1 29 8
1 30 21
2 1 29
2 2 16
2 3 10
2 4 14
2 5 18
2 6 14
2 7 11
2 8 13
2 9 26
2 10 30
2 11 3
2 12 10
2 13 28
2 14 5
2 16 9
2 17 22
2 18 17
2 19 15
2 21 22
2 22 4
2 23 19
2 25 13
2 26 16
2 27 18
2 28 1
2 29 27
2 30 15
3 1 8
3 2 15
3 3 14
3 4 28
3 5 14
3 6 29
3 7 29
3 9 19
3 10 16
3 11 4
3 12 21
3 13 28
3 14 29
3 15 21
3 16 23
3 17 1
3 19 10
3 20 27
3 21 9
3 22 23
3 23 5
3 24 23
3 25 14
3 26 30
3 28 3
3 29 19
4 1 15
4 2 12
4 3 19
4 4 4
4 5 18
4 6 26
4 8 10
4 9 1
4 10 23
4 11 15
4 12 29
4 13 13
4 15 4
4 16 15
4 17 16
4 18 24
4 19 4
4 20 14
4 21 6
4 22 26
4 23 14
4 24 7
4 25 14
4 26 14
4 27 29
4 28 11
4 29 28
4 30 13
5 1 10
5 2 22
5 3 23
5 4 25
5 5 4
5 7 11
5 8 20
5 9 21
5 10 28
5 11 29
5 12 14
5 13 12
5 14 14
5 15 12
5 16 24
5 20 9
5 21 18
5 22 9
5 24 24
5 25 22
5 26 14
5 27 22
5 28 9
5 29 20
5 30 28
6 1 23
6 2 25
6 3 27
6 4 3
6 5 15
6 7 1
6 8 4
6 9 6
6 10 23
6 11 20
6 14 1
6 15 25
6 16 9
6 17 14
6 19 22
6 20 30
6 21 27
6 22 25
6 23 5
6 24 8
6 26 18
6 27 13
6 28 26
6 29 18
6 30 28
7 1 9
7 2 23
7 3 19
7 4 17
7 5 12
7 6 17
7 7 1
7 8 29
7 9 5
7 10 25
7 11 13
7 12 5
7 13 29
7 14 10
7 16 27
7 17 10
7 18 3
7 19 13
7 20 19
7 22 16
7 24 4
7 25 10
7 26 12
7 27 20
7 28 14
7 29 11
7 30 29
8 1 18
8 2 6
8 3 16
8 5 15
8 6 6
8 7 8
8 9 26
8 10 15
8 11 12
8 12 12
8 13 15
8 14 10
8 15 8
8 16 2
8 17 14
8 18 12
8 20 22
8 21 15
8 22 30
8 23 1
8 25 17
8 26 12
8 27 11
8 28 2
8 29 7
8 30 12
9 1 5
9 2 26
9 3 17
9 4 16
9 5 24
9 6 4
9 7 13
9 8 1
9 9 11
9 10 19
9 11 8
9 12 6
9 13 3
9 14 11
9 15 9
9 16 9
9 17 12
9 18 16
9 19 2
9 20 17
9 21 27
9 22 23
9 23 2
9 24 18
9 25 16
9 26 18
9 27 29
9 28 18
9 29 12
10 2 5
10 3 30
10 4 16
10 5 22
10 6 16
10 8 1
10 9 15
10 10 12
10 12 14
10 13 15
10 14 22
10 15 2
10 16 14
10 17 19
10 18 26
10 19 17
10 20 27
10 21 4
10 22 28
10 23 12
10 24 6
10 25 15
10 26 30
10 27 20
10 28 8
10 29 17
11 1 5
11 2 25
11 3 7
11 4 15
11 5 6
11 8 3
11 9 14
11 10 14
11 11 24
11 13 21
11 14 14
11 15 8
11 16 24
11 17 19
11 18 14
11 19 15
11 20 20
11 21 19
11 22 3
11 23 7
11 24 5
11 25 21
11 26 11
11 27 25
11 28 2
11 29 8
11 30 1
12 1 23
12 2 27
12 3 8
12 5 1
12 6 24
12 8 24
12 9 7
12 10 8
12 11 22
12 12 9
12 13 13
12 14 5
12 15 24
12 16 25
12 17 10
12 18 23
12 19 19
12 21 29
12 22 6
12 23 25
12 24 18
12 25 17
12 26 20
12 27 17
12 28 13
12 29 10
12 30 27
13 1 7
13 2 4
13 3 4
13 4 29
13 5 26
13 6 22
13 7 6
13 8 19
13 9 15
13 10 22
13 11 25
13 12 14
13 13 13
13 15 26
13 16 18
13 17 17
13 18 19
13 19 13
13 20 26
13 21 12
13 22 23
13 23 24
13 24 9
13 25 17
13 26 4
13 27 17
13 28 6
13 29 12
13 30 30
14 1 16
14 2 8
14 3 28
14 4 11
14 5 3
14 6 27
14 7 28
14 8 16
14 9 24
14 10 16
14 11 23
14 12 15
14 13 11
14 15 6
14 16 27
14 17 28
14 18 16
14 19 5
14 20 16
14 21 20
14 22 23
14 23 19
14 24 12
14 25 8
14 26 20
14 27 20
14 28 3
14 30 6
15 1 26
15 2 14
15 3 5
15 4 3
15 5 21
15 6 3
15 7 13
15 8 15
15 9 29
15 10 2
15 12 1
15 13 22
15 14 18
15 15 23
15 16 29
15 17 28
15 18 20
15 19 25
15 20 25
15 21 27
15 22 22
15 23 2
15 24 16
15 25 14
15 27 13
15 28 27
15 30 21
16 1 2
16 2 17
16 3 24
16 4 7
16 6 4
16 7 7
16 8 4
16 10 28
16 11 20
16 12 6
16 13 2
16 14 26
16 15 26
16 17 3
16 18 18
16 21 9
16 22 20
16 23 10
16 24 7
16 25 9
16 26 22
16 27 24
16 28 3
16 29 18
16 30 15
17 1 27
17 2 4
17 3 28
17 4 9
17 5 22
17 6 10
17 7 10
17 8 30
17 9 25
17 10 8
17 11 3
17 12 2
17 13 11
17 14 22
17 15 13
17 16 8
17 17 23
17 18 30
17 19 3
17 20 26
17 21 18
17 23 4
17 24 7
17 25 19
17 26 10
17 27 16
17 28 10
17 30 3
18 1 10
18 2 20
18 3 9
18 4 6
18 5 15
18 8 6
18 9 6
18 10 6
18 11 8
18 12 7
18 13 28
18 14 2
18 15 15
18 16 22
18 17 25
18 18 17
18 19 14
18 20 7
18 21 25
18 22 6
18 23 29
18 24 19
18 25 23
18 26 16
18 28 22
18 29 30
18 30 4
19 1 24
19 2 15
19 3 6
19 4 18
19 5 16
19 6 25
19 8 27
19 9 22
19 10 9
19 12 24
19 13 19
19 14 6
19 15 1
19 16 26
19 17 25
19 18 3
19 19 2
19 20 17
19 22 27
19 23 18
19 24 30
19 25 26
19 26 4
19 27 27
19 28 24
19 29 23
19 30 12
20 1 1
20 2 6
20 3 11
20 4 4
20 5 29
20 6 17
20 7 1
20 9 17
20 10 2
20 11 25
20 12 5
20 13 15
20 14 25
20 15 28
20 16 4
20 17 23
20 18 21
20 19 21
20 20 17
20 21 15
20 22 22
20 23 3
20 25 3
20 26 9
20 27 24
20 28 20
20 29 13
20 30 13
21 2 5
21 4 27
21 5 24
21 6 5
21 8 2
21 9 4
21 10 1
21 11 1
21 12 12
21 13 1
21 14 9
21 15 5
21 16 18
21 17 13
21 18 20
21 19 4
21 20 2
21 21 15
21 22 18
21 23 14
21 24 5
21 25 5
21 26 28
21 27 26
21 28 29
21 29 1
21 30 26
22 1 15
22 2 20
22 3 30
22 4 27
22 5 17
22 6 26
22 7 20
22 8 21
22 9 20
22 10 15
22 11 13
22 12 20
22 13 18
22 14 14
22 15 20
22 16 22
22 17 23
22 18 2
22 19 3
22 20 26
22 22 25
22 23 17
22 24 14
22 25 9
22 26 13
22 27 10
22 29 28
22 30 30
23 1 30
23 2 20
23 3 26
23 4 14
23 5 2
23 7 17
23 8 2
23 9 18
23 10 13
23 11 13
23 12 8
23 13 2
23 14 27
23 15 21
23 16 13
23 17 6
23 18 26
23 19 2
23 20 28
23 21 18
23 22 25
23 23 22
23 24 5
23 25 11
23 27 1
23 30 18
24 1 11
24 2 13
24 3 19
24 4 9
24 5 13
24 6 19
24 7 28
24 8 30
24 9 24
24 10 29
24 12 16
24 13 26
24 14 8
24 15 20
24 16 8
24 17 8
24 18 13
24 21 27
24 22 28
24 23 25
24 24 2
24 25 15
24 28 18
24 29 21
24 30 24
25 1 4
25 2 5
25 3 28
25 7 15
25 8 5
25 9 8
25 10 25
25 11 9
25 12 26
25 13 25
25 14 13
25 15 14
25 17 23
25 19 12
25 20 30
25 21 13
25 22 20
25 23 25
25 24 21
25 25 9
25 28 24
25 29 28
26 1 22
26 2 12
26 3 17
26 4 8
26 5 6
26 6 23
26 7 26
26 8 18
26 9 16
26 10 29
26 11 22
26 12 13
26 13 5
26 14 26
26 15 12
26 16 22
26 18 27
26 19 8
26 20 16
26 21 9
26 23 13
26 24 30
26 25 21
26 26 12
26 27 5
26 28 2
26 29 28
26 30 17
27 1 10
27 2 14
27 3 14
27 4 23
27 5 25
27 6 22
27 7 1
27 8 30
27 9 6
27 10 26
27 11 18
27 13 21
27 14 16
27 16 1
27 17 25
27 18 21
27 19 27
27 20 7
27 21 12
27 22 15
27 23 6
27 24 19
27 25 23
27 26 18
27 27 19
27 28 5
27 29 30
27 30 23
28 1 6
28 3 27
28 4 9
28 5 8
28 6 10
28 7 14
28 8 30
28 9 27
28 10 27
28 11 30
28 12 18
28 14 2
28 16 17
28 17 5
28 18 14
28 19 25
28 20 6
28 21 30
28 22 15
28 24 24
28 25 28
28 26 18
28 27 8
28 28 3
28 29 28
28 30 22
29 1 21
29 2 16
29 3 27
29 4 20
29 5 30
29 6 24
29 7 8
29 9 30
29 10 1
29 11 10
29 12 13
29 13 1
29 14 6
29 16 9
29 17 30
29 18 23
29 19 2
29 20 9
29 21 20
29 22 7
29 23 3
29 24 17
29 25 7
29 26 9
29 27 2
29 28 4
29 29 18
29 30 1
30 1 7
30 2 15
30 3 22
30 4 27
30 5 23
30 6 10
30 7 8
30 9 22
30 10 4
30 12 7
30 13 22
30 16 4
30 17 16
30 18 26
30 19 4
30 20 13
30 21 27
30 22 26
30 23 6
30 24 28
30 25 4
30 26 17
30 27 5
30 28 28
30 29 3
30 30 11
